# IODP371 site U1511 physical property data
#Raw data	(drilled section where Vp and Rho are estimated, 80-200 m)	
depth_m_bsf	velocity_m/s	density_Mg/m3
0.5500	1565.0000	1.2454
2.0500	1456.0000	1.2454
3.3800	1466.0000	1.2448
4.8500	1468.0000	1.2411
6.4000	1463.0000	1.2361
7.2200	1453.0000	1.2345
20.4400	1472.0000	1.2791
21.7200	1477.0000	1.3141
22.5800	1471.0000	1.3363
30.0600	1468.0000	1.3986
39.9400	1470.0000	1.4086
41.6700	1459.0000	1.4165
42.6400	1482.0000	1.4190
44.0000	1497.0000	1.4070
45.5800	1476.0000	1.3883
47.0800	1488.0000	1.3832
58.8000	1455.0000	1.3603
60.0300	1472.0000	1.3519
61.6600	1473.0000	1.3430
63.0600	1475.0000	1.3488
64.6100	1473.0000	1.3636
65.3800	1471.0000	1.3722
68.3000	1473.0000	1.4073
69.9600	1484.0000	1.4213
71.1700	1478.0000	1.4257
73.0000	1485.0000	1.4234
74.1500	1483.0000	1.4212
75.5200	1478.0000	1.4179
76.9600	1485.0000	1.4136
80.0000	1525.0000	1.4080
85.0000	1530.0000	1.4094
90.0000	1535.0000	1.4112
95.0000	1540.0000	1.4134
100.0000	1545.0000	1.4160
105.0000	1550.0000	1.4190
110.0000	1555.0000	1.4224
115.0000	1560.0000	1.4262
120.0000	1565.0000	1.4304
125.0000	1570.0000	1.4350
130.0000	1575.0000	1.4400
135.0000	1580.0000	1.4454
140.0000	1585.0000	1.4512
145.0000	1590.0000	1.4574
150.0000	1595.0000	1.4640
155.0000	1600.0000	1.4710
160.0000	1605.0000	1.4784
165.0000	1610.0000	1.4862
170.0000	1615.0000	1.4944
175.0000	1620.0000	1.5030
180.0000	1625.0000	1.5120
185.0000	1630.0000	1.5214
190.0000	1650.0000	1.5312
195.0000	1660.0000	1.5414
200.0000	1670.0000	1.5520
203.5600	1602.0000	1.4886
204.8100	1626.0000	1.4729
205.7200	1605.0000	1.4622
206.3400	1614.0000	1.4555
207.0800	1616.0000	1.4483
208.3400	1615.0000	1.4374
208.7300	1618.0000	1.4343
221.3500	1649.0000	1.4037
222.3500	1590.0000	1.3927
222.9900	1599.0000	1.3835
225.0700	1600.0000	1.3488
226.8500	1603.0000	1.3225
227.6300	1609.0000	1.3131
228.8200	1592.0000	1.3085
230.6000	1604.0000	1.3101
231.0900	1572.0000	1.3070
232.5500	1582.0000	1.3078
233.8700	1586.0000	1.3166
235.3500	1584.0000	1.3334
236.5200	1579.0000	1.3485
237.8300	1572.0000	1.3659
239.3900	1590.0000	1.3901
240.2300	1618.0000	1.4047
240.7500	1588.0000	1.4324
241.9700	1596.0000	1.3715
245.8100	1583.0000	1.3332
246.4600	1599.0000	1.3262
247.8700	1569.0000	1.3094
249.4000	1601.0000	1.2935
250.4800	1627.0000	1.2953
251.6100	1626.0000	1.2940
253.0500	1599.0000	1.2927
255.3000	1621.0000	1.2968
256.4700	1600.0000	1.2983
257.7300	1598.0000	1.2978
259.4500	1616.0000	1.2957
260.6800	1568.0000	1.2934
261.1300	1594.0000	1.2959
263.6800	1579.0000	1.3102
265.0500	1633.0000	1.3078
266.0800	1619.0000	1.3061
267.2100	1578.0000	1.3048
268.4900	1618.0000	1.3040
269.8500	1545.0000	1.3025
271.1700	1577.0000	1.2892
272.8000	1541.0000	1.2707
274.2100	1582.0000	1.2701
275.6300	1577.0000	1.2703
277.2500	1582.0000	1.2682
278.3900	1575.0000	1.2666
279.6000	1581.0000	1.2650
280.5900	1563.0000	1.2635
282.0400	1578.0000	1.2626
283.6600	1582.0000	1.2660
284.8200	1584.0000	1.2691
288.6500	1581.0000	1.2771
289.7300	1566.0000	1.2793
291.6200	1585.0000	1.2820
293.0400	1590.0000	1.2809
294.7200	1599.0000	1.2786
298.5300	1563.0000	1.2754
300.2400	1586.0000	1.2730
301.7400	1569.0000	1.2701
303.1800	1572.0000	1.2667
303.8700	1591.0000	1.2651
308.0400	1568.0000	1.2603
310.2100	1576.0000	1.2615
311.3700	1554.0000	1.2616
312.0600	1608.0000	1.2614
317.2700	1627.0000	1.2595
319.2100	1593.0000	1.2584
320.3300	1594.0000	1.2578
321.1900	1599.0000	1.2572
327.5300	1577.0000	1.2514
329.1700	1582.0000	1.2732
330.3700	1569.0000	1.2869
331.6300	1580.0000	1.2870
333.0400	1596.0000	1.2863
334.8200	1581.0000	1.2879
336.4100	1597.0000	1.2901
338.5400	1608.0000	1.2764
339.8300	1573.0000	1.2644
341.3600	1578.0000	1.2675
342.6400	1585.0000	1.2709
343.7600	1601.0000	1.2724
346.3500	1622.0000	1.2754
347.0700	1593.0000	1.2767
347.9700	1608.0000	1.2788
348.6300	1583.0000	1.2806
349.6600	1583.0000	1.2837
351.0800	1623.0000	1.2891
352.5400	1620.0000	1.2947
353.5900	1613.0000	1.2960
355.0900	1631.0000	1.2939
355.6100	1646.0000	1.2910
357.9300	1650.0000	1.2919
359.0200	1640.0000	1.2973
360.5500	1637.0000	1.3115
362.1200	1654.0000	1.3260
364.0500	1639.0000	1.3360
364.5700	1615.0000	1.3377
366.0000	1656.0000	1.3400
367.4400	1685.0000	1.3393
368.4500	1686.0000	1.3390
370.6300	1703.0000	1.3429
372.2700	1691.0000	1.3464
373.2900	1676.0000	1.3461
374.6500	1701.0000	1.3421
375.0500	1671.0000	1.3363
375.9500	1654.0000	1.3244
376.6500	1659.0000	1.3256
377.6500	1669.0000	1.3295
378.7000	1666.0000	1.3351
380.0500	1700.0000	1.3432
382.1200	1686.0000	1.3582
382.8300	1688.0000	1.3690
384.0600	1672.0000	1.3914
384.4400	1692.0000	1.3939
385.6500	1649.0000	1.3919
386.9700	1649.0000	1.3810
388.1200	1640.0000	1.3716
389.6000	1660.0000	1.3575
391.4900	1665.0000	1.3526
392.5900	1697.0000	1.3657
393.7500	1689.0000	1.3839
394.4600	1633.0000	1.3945
397.9000	1636.0000	1.5312
398.4600	1627.0000	1.5470
400.2700	1616.0000	1.5723
403.7800	1760.0000	1.5993
403.9400	1760.0000	1.6039
403.9600	1634.0000	1.6060
404.8500	1841.0000	1.6651
404.9000	1764.0000	1.6648
404.9600	1870.0000	1.6644
413.0300	1838.0000	1.6410
413.5200	1637.0000	1.6371
415.9600	1612.0000	1.6117
416.6700	1595.0000	1.6142
418.3300	1600.0000	1.6369
419.5800	1567.0000	1.6558
421.0700	1626.0000	1.6677
422.1900	1567.0000	1.6753
422.9200	1630.0000	1.6802
424.8500	1562.0000	1.6919
426.8200	1595.0000	1.7016
428.3000	1595.0000	1.7013
429.3800	1611.0000	1.6968
430.5900	1595.0000	1.6882
431.9400	1652.0000	1.6663
432.2900	1675.0000	1.6624
432.3100	1602.0000	1.6622
433.3400	1648.0000	1.6579
433.8500	1644.0000	1.6565
436.3200	1665.0000	1.6543
436.9500	1636.0000	1.6543
442.0600	1656.0000	1.6668
442.4900	1609.0000	1.6695
443.6800	1739.0000	1.6938
445.0700	1745.0000	1.7262
447.1200	1634.0000	1.7374
448.6100	1708.0000	1.7390
448.8000	1700.0000	1.7364
449.7900	1747.0000	1.7353
451.6900	1713.0000	1.7263
453.9900	1644.0000	1.6958
455.8800	1744.0000	1.6706
457.5300	1690.0000	1.6782
459.8600	1749.0000	1.6959
460.8800	1786.0000	1.7318
461.1100	1831.0000	1.7705
462.5400	1745.0000	1.7875
463.3400	1785.0000	1.7913
464.2100	1739.0000	1.8166
464.9600	1751.0000	1.8314
465.8000	1761.0000	1.8457
471.7300	1767.0000	1.8547
472.7000	1732.0000	1.8608
474.0800	1746.0000	1.8419
475.7500	1767.0000	1.8365
477.2000	1703.0000	1.8259
478.9600	1720.0000	1.8022
479.5300	1754.0000	1.7795
480.1900	1723.0000	1.7825
482.3300	1698.0000	1.7800
489.7900	1651.0000	1.7496
490.4200	1713.0000	1.7437
490.6800	1678.0000	1.7578
499.5500	1736.0000	1.7620
500.3100	1714.0000	1.7630
508.9700	1692.0000	1.7784
509.8800	1677.0000	1.7802
510.0200	1690.0000	1.8040
510.2900	1640.0000	1.8057
528.0200	1731.0000	1.8059
538.1500	1685.0000	1.8063
538.6300	1742.0000	1.8062
538.7800	1690.0000	1.8379
548.2500	1777.0000	1.8393
549.3600	1761.0000	1.8397
549.8300	1761.0000	1.8614
550.5800	1784.0000	1.8704
550.9800	1774.0000	1.8754
558.2500	1753.0000	1.8809
558.9300	1777.0000	1.8822
559.9300	1812.0000	1.9022
560.5400	1808.0000	1.9046
