# IODP371 site U1508 physical property data
#Raw data		
depth_m_bsf	velocity_m/s	density_Mg/m3
0.0000	1.7000	1.5496
21.3200	1.6080	1.5553
37.3900	1.6020	1.5604
44.1600	1.6350	1.5627
56.5500	1.6710	1.5672
59.9300	1.6700	1.5685
69.3200	1.6930	1.5723
78.2100	1.7150	1.5760
87.0000	1.6290	1.5799
89.8800	1.7985	1.5813
91.8612	1.7820	1.5822
92.0136	1.7712	1.5822
92.1660	1.7594	1.5823
92.3184	1.7804	1.5824
92.4708	1.8051	1.5825
92.6232	1.8092	1.5825
92.7756	1.7989	1.5826
92.9280	1.7781	1.5827
93.0804	1.7816	1.5827
93.2328	1.7563	1.5828
93.3852	1.7356	1.5829
93.5376	1.7375	1.5830
93.6900	1.7397	1.5830
93.8424	1.7406	1.5831
93.9948	1.7563	1.5832
94.1472	1.7675	1.5832
94.2996	1.7731	1.5833
94.4520	1.7717	1.5834
94.6044	1.7544	1.5835
94.7568	1.7483	1.5835
94.9092	1.7441	1.5836
95.0616	1.7383	1.5837
95.2140	1.7419	1.5837
95.3664	1.7433	1.5838
95.5188	1.7420	1.5839
95.6712	1.7348	1.5840
95.8236	1.7075	1.5840
95.9760	1.7017	1.5841
96.1284	1.6986	1.5842
96.2808	1.7022	1.5843
96.4332	1.7110	1.5843
96.5856	1.7188	1.5844
96.7380	1.7164	1.5845
96.8904	1.7155	1.5845
97.0428	1.7174	1.5846
97.1952	1.7129	1.5847
97.3476	1.7060	1.5848
97.5000	1.7033	1.5848
97.6524	1.7043	1.5849
97.8048	1.7022	1.5850
97.9572	1.7890	1.5851
100.0908	1.7880	1.5861
100.2432	1.7611	1.5862
100.3956	1.7350	1.5862
100.5480	1.7096	1.5863
100.7004	1.7385	1.5864
100.8528	1.7860	1.5865
101.0052	1.7870	1.5865
101.1576	1.7880	1.5866
101.3100	1.7664	1.5867
101.4624	1.7493	1.5868
101.6148	1.7325	1.5868
101.7672	1.7160	1.5869
101.9196	1.6973	1.5870
102.0720	1.6998	1.5871
102.2244	1.7030	1.5871
102.3768	1.7158	1.5872
102.5292	1.7305	1.5873
103.9008	1.7694	1.5880
104.0532	1.7022	1.5880
104.2056	1.7021	1.5881
104.3580	1.6995	1.5882
104.5104	1.6992	1.5883
104.6628	1.6988	1.5883
104.8152	1.6962	1.5884
104.9676	1.7277	1.5885
105.1200	1.7375	1.5886
105.2724	1.7474	1.5886
105.4248	1.7330	1.5887
105.5772	1.7200	1.5888
105.7296	1.7073	1.5889
105.8820	1.6948	1.5890
106.0344	1.6953	1.5890
106.1868	1.6958	1.5891
106.3392	1.6952	1.5892
106.4916	1.6951	1.5893
106.6440	1.7800	1.5893
107.8632	1.7926	1.5900
108.0156	1.7771	1.5900
108.1680	1.7590	1.5901
108.3204	1.7781	1.5902
108.4728	1.7912	1.5903
108.6252	1.7970	1.5903
108.7776	1.7934	1.5904
108.9300	1.7801	1.5905
109.0824	1.7574	1.5906
109.2348	1.7354	1.5906
109.3872	1.7349	1.5907
109.5396	1.7344	1.5908
109.6920	1.7335	1.5909
109.8444	1.7331	1.5910
109.9968	1.7319	1.5910
110.1492	1.7500	1.5911
110.3016	1.7540	1.5912
110.4540	1.7461	1.5913
110.6064	1.7358	1.5913
110.7588	1.7522	1.5914
110.9112	1.7435	1.5915
111.0636	1.7234	1.5916
111.2160	1.7197	1.5917
111.3684	1.7290	1.5917
111.5208	1.7365	1.5918
111.6732	1.7390	1.5919
111.8256	1.7428	1.5920
111.9780	1.7479	1.5921
112.1304	1.7502	1.5921
112.2828	1.7551	1.5922
112.4352	1.7604	1.5923
112.5876	1.7628	1.5924
112.7400	1.7636	1.5924
112.8924	1.7641	1.5925
113.0448	1.7575	1.5926
113.1972	1.7492	1.5927
113.3496	1.7401	1.5928
113.5020	1.7427	1.5928
113.6544	1.7527	1.5929
113.8068	1.7591	1.5930
113.9592	1.7602	1.5931
114.1116	1.7603	1.5932
114.2640	1.7494	1.5932
114.4164	1.7412	1.5933
114.5688	1.7373	1.5934
114.7212	1.7367	1.5935
114.8736	1.7352	1.5936
115.0260	1.7292	1.5936
115.1784	1.7282	1.5937
115.3308	1.7277	1.5938
115.4832	1.7310	1.5939
115.6356	1.7346	1.5940
115.7880	1.7383	1.5940
115.9404	1.7409	1.5941
116.0928	1.7401	1.5942
116.2452	1.7409	1.5943
116.3976	1.7445	1.5944
116.5500	1.7526	1.5944
116.7024	1.7504	1.5945
116.8548	1.7540	1.5946
117.0072	1.7575	1.5947
117.1596	1.7655	1.5948
117.3120	1.7624	1.5948
117.4644	1.7546	1.5949
117.6168	1.7391	1.5950
117.7692	1.7401	1.5951
117.9216	1.7435	1.5952
118.0740	1.7410	1.5952
118.2264	1.7402	1.5953
118.3788	1.7425	1.5954
118.5312	1.7431	1.5955
118.6836	1.7450	1.5956
118.8360	1.7381	1.5956
118.9884	1.7408	1.5957
119.1408	1.7531	1.5958
119.2932	1.7633	1.5959
119.4456	1.7610	1.5960
119.5980	1.7469	1.5961
119.7504	1.7394	1.5961
119.9028	1.7273	1.5962
120.0552	1.7313	1.5963
120.2076	1.7188	1.5964
120.3600	1.7302	1.5965
120.5124	1.7449	1.5965
120.6648	1.7575	1.5966
120.8172	1.7625	1.5967
120.9696	1.7651	1.5968
121.1220	1.7385	1.5969
121.2744	1.7341	1.5970
121.4268	1.7277	1.5970
121.5792	1.7258	1.5971
121.7316	1.7281	1.5972
121.8840	1.7354	1.5973
122.0364	1.7471	1.5974
122.1888	1.7548	1.5974
122.3412	1.7567	1.5975
122.4936	1.7599	1.5976
122.6460	1.7572	1.5977
122.7984	1.7593	1.5978
122.9508	1.7628	1.5979
123.1032	1.7549	1.5979
123.2556	1.7431	1.5980
123.4080	1.7406	1.5981
123.5604	1.7408	1.5982
123.7128	1.7394	1.5983
123.8652	1.7357	1.5984
124.0176	1.7364	1.5984
124.1700	1.7414	1.5985
124.3224	1.7511	1.5986
124.4748	1.7621	1.5987
124.6272	1.7610	1.5988
124.7796	1.7599	1.5989
124.9320	1.7536	1.5989
125.0844	1.7536	1.5990
125.2368	1.7474	1.5991
125.3892	1.7486	1.5992
125.5416	1.7411	1.5993
125.6940	1.7352	1.5994
125.8464	1.7396	1.5994
125.9988	1.7432	1.5995
126.1512	1.7570	1.5996
126.3036	1.7669	1.5997
126.4560	1.7691	1.5998
126.6084	1.7668	1.5999
126.7608	1.7600	1.5999
126.9132	1.7644	1.6000
127.0656	1.7658	1.6001
127.2180	1.7696	1.6002
127.3704	1.7684	1.6003
127.5228	1.7674	1.6004
127.6752	1.7630	1.6004
127.8276	1.7598	1.6005
127.9800	1.7528	1.6006
128.1324	1.7510	1.6007
128.2848	1.7504	1.6008
128.4372	1.7512	1.6009
128.5896	1.7469	1.6010
128.7420	1.7492	1.6010
128.8944	1.7562	1.6011
129.0468	1.7635	1.6012
129.1992	1.7673	1.6013
129.3516	1.7676	1.6014
129.5040	1.7634	1.6015
129.6564	1.7529	1.6016
129.8088	1.7384	1.6016
129.9612	1.7213	1.6017
130.1136	1.7037	1.6018
130.2660	1.7043	1.6019
130.4184	1.7085	1.6020
130.5708	1.7308	1.6021
130.7232	1.7413	1.6021
130.8756	1.7497	1.6022
131.0280	1.7438	1.6023
131.1804	1.7485	1.6024
131.3328	1.7534	1.6025
131.4852	1.7587	1.6026
131.6376	1.7661	1.6027
131.7900	1.7626	1.6027
131.9424	1.7661	1.6028
132.0948	1.7640	1.6029
132.2472	1.7543	1.6030
132.3996	1.7513	1.6031
132.5520	1.7508	1.6032
132.7044	1.7485	1.6033
132.8568	1.7355	1.6034
133.0092	1.7299	1.6034
133.1616	1.7277	1.6035
133.3140	1.7199	1.6036
133.4664	1.7170	1.6037
133.6188	1.7194	1.6038
133.7712	1.7284	1.6039
133.9236	1.7254	1.6040
134.0760	1.7341	1.6040
134.2284	1.7411	1.6041
134.3808	1.7435	1.6042
134.5332	1.7533	1.6043
134.6856	1.7511	1.6044
134.8380	1.7419	1.6045
134.9904	1.7405	1.6046
135.1428	1.7276	1.6047
135.2952	1.7187	1.6047
135.4476	1.7145	1.6048
135.6000	1.7154	1.6049
135.7524	1.7286	1.6050
135.9048	1.7333	1.6051
136.0572	1.7373	1.6052
136.2096	1.7388	1.6053
136.3620	1.7395	1.6054
136.5144	1.7406	1.6054
136.6668	1.7398	1.6055
136.8192	1.7331	1.6056
136.9716	1.7282	1.6057
137.1240	1.7267	1.6058
137.2764	1.7251	1.6059
137.4288	1.7318	1.6060
137.5812	1.7194	1.6061
137.7336	1.7197	1.6061
137.8860	1.7340	1.6062
138.0384	1.7391	1.6063
138.1908	1.7461	1.6064
138.3432	1.7530	1.6065
138.4956	1.7545	1.6066
138.6480	1.7519	1.6067
138.8004	1.7532	1.6068
138.9528	1.7534	1.6069
139.1052	1.7567	1.6069
139.2576	1.7587	1.6070
139.4100	1.7559	1.6071
139.5624	1.7534	1.6072
139.7148	1.7575	1.6073
139.8672	1.7625	1.6074
140.0196	1.7681	1.6075
140.1720	1.7721	1.6076
140.3244	1.7777	1.6077
140.4768	1.7836	1.6077
140.6292	1.7759	1.6078
140.7816	1.7617	1.6079
140.9340	1.7624	1.6080
141.0864	1.7743	1.6081
141.2388	1.7753	1.6082
141.3912	1.7678	1.6083
141.5436	1.7633	1.6084
141.6960	1.7606	1.6085
141.8484	1.7637	1.6085
142.0008	1.7696	1.6086
142.1532	1.7833	1.6087
142.3056	1.7950	1.6088
142.4580	1.7991	1.6089
142.6104	1.8011	1.6090
142.7628	1.7998	1.6091
142.9152	1.7889	1.6092
143.0676	1.7863	1.6093
143.2200	1.7729	1.6094
143.3724	1.7732	1.6094
143.5248	1.7694	1.6095
143.6772	1.7669	1.6096
143.8296	1.7631	1.6097
143.9820	1.7633	1.6098
144.1344	1.7624	1.6099
144.2868	1.7720	1.6100
144.4392	1.7763	1.6101
144.5916	1.7801	1.6102
144.7440	1.7836	1.6103
144.8964	1.7844	1.6104
145.0488	1.7865	1.6104
145.2012	1.7865	1.6105
145.3536	1.7867	1.6106
145.5060	1.7855	1.6107
145.6584	1.7848	1.6108
145.8108	1.7834	1.6109
145.9632	1.7847	1.6110
146.1156	1.7842	1.6111
146.2680	1.7868	1.6112
146.4204	1.7931	1.6113
146.5728	1.7815	1.6114
146.7252	1.7768	1.6114
146.8776	1.7654	1.6115
147.0300	1.7582	1.6116
147.1824	1.7555	1.6117
147.3348	1.7527	1.6118
147.4872	1.7481	1.6119
147.6396	1.7443	1.6120
147.7920	1.7421	1.6121
147.9444	1.7443	1.6122
148.0968	1.7521	1.6123
148.2492	1.7561	1.6124
148.4016	1.7599	1.6125
148.5540	1.7650	1.6125
148.7064	1.7675	1.6126
148.8588	1.7683	1.6127
149.0112	1.7732	1.6128
149.1636	1.7821	1.6129
149.3160	1.7887	1.6130
149.4684	1.7918	1.6131
149.6208	1.7989	1.6132
149.7732	1.8023	1.6133
149.9256	1.8074	1.6134
150.0780	1.8140	1.6135
150.2304	1.8202	1.6136
150.3828	1.8106	1.6137
150.5352	1.8170	1.6138
150.6876	1.8090	1.6138
150.8400	1.8017	1.6139
150.9924	1.8003	1.6140
151.1448	1.7904	1.6141
151.2972	1.7825	1.6142
151.4496	1.7818	1.6143
151.6020	1.7791	1.6144
151.7544	1.7689	1.6145
151.9068	1.7633	1.6146
152.0592	1.7610	1.6147
152.2116	1.7609	1.6148
152.3640	1.7580	1.6149
152.5164	1.7579	1.6150
152.6688	1.7611	1.6151
152.8212	1.7587	1.6152
152.9736	1.7509	1.6152
153.1260	1.7483	1.6153
153.2784	1.7465	1.6154
153.4308	1.7495	1.6155
153.5832	1.7526	1.6156
153.7356	1.7504	1.6157
153.8880	1.7581	1.6158
154.0404	1.7599	1.6159
154.1928	1.7625	1.6160
154.3452	1.7543	1.6161
154.4976	1.7550	1.6162
154.6500	1.7500	1.6163
154.8024	1.7563	1.6164
154.9548	1.7676	1.6165
155.1072	1.7817	1.6166
155.2596	1.7938	1.6167
155.4120	1.8030	1.6168
155.5644	1.8108	1.6168
155.7168	1.8204	1.6169
155.8692	1.8306	1.6170
156.0216	1.8334	1.6171
156.1740	1.8325	1.6172
156.3264	1.8293	1.6173
156.4788	1.8123	1.6174
156.6312	1.7971	1.6175
156.7836	1.7885	1.6176
156.9360	1.7929	1.6177
157.0884	1.8004	1.6178
157.2408	1.8054	1.6179
157.3932	1.8105	1.6180
157.5456	1.8157	1.6181
157.6980	1.8210	1.6182
157.8504	1.8216	1.6183
158.0028	1.8151	1.6184
158.1552	1.7879	1.6185
158.3076	1.7854	1.6186
158.4600	1.7882	1.6187
158.6124	1.7917	1.6188
158.7648	1.7955	1.6189
158.9172	1.8108	1.6189
159.0696	1.8183	1.6190
159.2220	1.8206	1.6191
159.3744	1.8195	1.6192
159.5268	1.8205	1.6193
159.6792	1.8233	1.6194
159.8316	1.8246	1.6195
159.9840	1.8177	1.6196
160.1364	1.8069	1.6197
160.2888	1.7941	1.6198
160.4412	1.7939	1.6199
160.5936	1.7974	1.6200
160.7460	1.7995	1.6201
160.8984	1.7965	1.6202
161.0508	1.7905	1.6203
161.2032	1.7876	1.6204
161.3556	1.7957	1.6205
161.5080	1.8044	1.6206
161.6604	1.8219	1.6207
161.8128	1.8214	1.6208
161.9652	1.8111	1.6209
162.1176	1.7900	1.6210
162.2700	1.7792	1.6211
162.4224	1.7747	1.6212
162.5748	1.7739	1.6213
162.7272	1.7776	1.6214
162.8796	1.7751	1.6215
163.0320	1.7705	1.6216
163.1844	1.7643	1.6217
163.3368	1.7592	1.6218
163.4892	1.7576	1.6219
163.6416	1.7579	1.6220
163.7940	1.7677	1.6221
163.9464	1.7671	1.6221
164.0988	1.7696	1.6222
164.2512	1.7738	1.6223
164.4036	1.7870	1.6224
164.5560	1.8073	1.6225
164.7084	1.8168	1.6226
164.8608	1.8187	1.6227
165.0132	1.8209	1.6228
165.1656	1.8207	1.6229
165.3180	1.8169	1.6230
165.4704	1.8060	1.6231
165.6228	1.7878	1.6232
165.7752	1.7697	1.6233
165.9276	1.7534	1.6234
166.0800	1.7472	1.6235
166.2324	1.7453	1.6236
166.3848	1.7467	1.6237
166.5372	1.7541	1.6238
166.6896	1.7600	1.6239
166.8420	1.7641	1.6240
166.9944	1.7783	1.6241
167.1468	1.7911	1.6242
167.2992	1.7985	1.6243
167.4516	1.8038	1.6244
167.6040	1.8065	1.6245
167.7564	1.8027	1.6246
167.9088	1.7981	1.6247
168.0612	1.7948	1.6248
168.2136	1.7931	1.6249
168.3660	1.7936	1.6250
168.5184	1.8003	1.6251
168.6708	1.7906	1.6252
168.8232	1.7791	1.6253
168.9756	1.7641	1.6254
169.1280	1.7500	1.6255
169.2804	1.7356	1.6256
169.4328	1.7301	1.6257
169.5852	1.7279	1.6258
169.7376	1.7248	1.6259
169.8900	1.7295	1.6260
170.0424	1.7328	1.6261
170.1948	1.7422	1.6262
170.3472	1.7726	1.6263
170.4996	1.7901	1.6264
170.6520	1.8156	1.6265
170.8044	1.8229	1.6266
170.9568	1.8248	1.6267
171.1092	1.8214	1.6268
171.2616	1.8098	1.6269
171.4140	1.8138	1.6270
171.5664	1.8056	1.6271
171.7188	1.7968	1.6272
171.8712	1.7976	1.6273
172.0236	1.7922	1.6274
172.1760	1.7900	1.6275
172.3284	1.7857	1.6276
172.4808	1.7665	1.6277
172.6332	1.7567	1.6278
172.7856	1.7532	1.6279
172.9380	1.7542	1.6280
173.0904	1.7595	1.6281
173.2428	1.7692	1.6282
173.3952	1.7756	1.6283
173.5476	1.7761	1.6284
173.7000	1.7719	1.6285
173.8524	1.7751	1.6286
174.0048	1.7751	1.6287
174.1572	1.7801	1.6288
174.3096	1.7825	1.6289
174.4620	1.7864	1.6290
174.6144	1.7798	1.6291
174.7668	1.7749	1.6292
174.9192	1.7710	1.6293
175.0716	1.7674	1.6294
175.2240	1.7658	1.6296
175.3764	1.7631	1.6297
175.5288	1.7600	1.6298
175.6812	1.7600	1.6299
175.8336	1.7617	1.6300
175.9860	1.7659	1.6301
176.1384	1.7764	1.6302
176.2908	1.7834	1.6303
176.4432	1.7961	1.6304
176.5956	1.8085	1.6305
176.7480	1.8082	1.6306
176.9004	1.8176	1.6307
177.0528	1.8190	1.6308
177.2052	1.8162	1.6309
177.3576	1.8162	1.6310
177.5100	1.8179	1.6311
177.6624	1.8199	1.6312
177.8148	1.8154	1.6313
177.9672	1.8022	1.6314
178.1196	1.7836	1.6315
178.2720	1.7808	1.6316
178.4244	1.7826	1.6317
178.5768	1.7985	1.6318
178.7292	1.7981	1.6319
178.8816	1.8000	1.6320
179.0340	1.8039	1.6321
179.1864	1.8140	1.6322
179.3388	1.8350	1.6323
179.4912	1.8439	1.6324
179.6436	1.8511	1.6325
179.7960	1.8534	1.6326
179.9484	1.8289	1.6327
180.1008	1.8085	1.6328
180.2532	1.7895	1.6330
180.4056	1.7813	1.6331
180.5580	1.7813	1.6332
180.7104	1.7801	1.6333
180.8628	1.7780	1.6334
181.0152	1.7714	1.6335
181.1676	1.7742	1.6336
181.3200	1.7899	1.6337
181.4724	1.7982	1.6338
181.6248	1.8115	1.6339
181.7772	1.8187	1.6340
181.9296	1.8171	1.6341
182.0820	1.8080	1.6342
182.2344	1.8092	1.6343
182.3868	1.8115	1.6344
182.5392	1.8169	1.6345
182.6916	1.8055	1.6346
182.8440	1.7969	1.6347
182.9964	1.7991	1.6348
183.1488	1.8076	1.6349
183.3012	1.8106	1.6350
183.4536	1.8138	1.6351
183.6060	1.8196	1.6353
183.7584	1.8115	1.6354
183.9108	1.7929	1.6355
184.0632	1.7937	1.6356
184.2156	1.7886	1.6357
184.3680	1.7919	1.6358
184.5204	1.8001	1.6359
184.6728	1.8135	1.6360
184.8252	1.8149	1.6361
184.9776	1.8077	1.6362
185.1300	1.7963	1.6363
185.2824	1.7907	1.6364
185.4348	1.7862	1.6365
185.5872	1.7720	1.6366
185.7396	1.7673	1.6367
185.8920	1.7672	1.6368
186.0444	1.7733	1.6369
186.1968	1.7753	1.6371
186.3492	1.7772	1.6372
186.5016	1.7856	1.6373
186.6540	1.7995	1.6374
186.8064	1.8159	1.6375
186.9588	1.8265	1.6376
187.1112	1.8337	1.6377
187.2636	1.8180	1.6378
187.4160	1.8122	1.6379
187.5684	1.8055	1.6380
187.7208	1.8027	1.6381
187.8732	1.7953	1.6382
188.0256	1.7971	1.6383
188.1780	1.7952	1.6384
188.3304	1.7937	1.6385
188.4828	1.8019	1.6386
188.6352	1.8117	1.6388
188.7876	1.8210	1.6389
188.9400	1.8251	1.6390
189.0924	1.8240	1.6391
189.2448	1.8256	1.6392
189.3972	1.8196	1.6393
189.5496	1.8029	1.6394
189.7020	1.7975	1.6395
189.8544	1.8050	1.6396
190.0068	1.8085	1.6397
190.1592	1.8124	1.6398
190.3116	1.8366	1.6399
190.4640	1.8472	1.6400
190.6164	1.8594	1.6402
190.7688	1.8550	1.6403
190.9212	1.8387	1.6404
191.0736	1.8352	1.6405
191.2260	1.8389	1.6406
191.3784	1.8452	1.6407
191.5308	1.8489	1.6408
191.6832	1.8526	1.6409
191.8356	1.8606	1.6410
191.9880	1.8536	1.6411
192.1404	1.8489	1.6412
192.2928	1.8588	1.6413
192.4452	1.8607	1.6415
192.5976	1.8531	1.6416
192.7500	1.8496	1.6417
192.9024	1.8352	1.6418
193.0548	1.8321	1.6419
193.2072	1.8285	1.6420
193.3596	1.8200	1.6421
193.5120	1.8113	1.6422
193.6644	1.8167	1.6423
193.8168	1.8187	1.6424
193.9692	1.8197	1.6425
194.1216	1.8303	1.6426
194.2740	1.8369	1.6428
194.4264	1.8355	1.6429
194.5788	1.8240	1.6430
194.7312	1.8194	1.6431
194.8836	1.8241	1.6432
195.0360	1.8315	1.6433
195.1884	1.8458	1.6434
195.3408	1.8522	1.6435
195.4932	1.8561	1.6436
195.6456	1.8667	1.6437
195.7980	1.8732	1.6439
195.9504	1.8763	1.6440
196.1028	1.8783	1.6441
196.2552	1.8787	1.6442
196.4076	1.8814	1.6443
196.5600	1.8830	1.6444
196.7124	1.8833	1.6445
196.8648	1.8957	1.6446
197.0172	1.8880	1.6447
197.1696	1.8862	1.6448
197.3220	1.8831	1.6450
197.4744	1.8817	1.6451
197.6268	1.8840	1.6452
197.7792	1.8875	1.6453
197.9316	1.8950	1.6454
198.0840	1.9030	1.6455
198.2364	1.8979	1.6456
198.3888	1.8944	1.6457
198.5412	1.8792	1.6458
198.6936	1.8795	1.6459
198.8460	1.8827	1.6461
198.9984	1.8897	1.6462
199.1508	1.8899	1.6463
199.3032	1.9016	1.6464
199.4556	1.9046	1.6465
199.6080	1.9050	1.6466
199.7604	1.9048	1.6467
199.9128	1.9014	1.6468
200.0652	1.9043	1.6469
200.2176	1.9029	1.6471
200.3700	1.8918	1.6472
200.5224	1.8936	1.6473
200.6748	1.8953	1.6474
200.8272	1.8980	1.6475
200.9796	1.9015	1.6476
201.1320	1.9043	1.6477
201.2844	1.9234	1.6478
201.4368	1.9361	1.6480
201.5892	1.9493	1.6481
201.7416	1.9597	1.6482
201.8940	1.9639	1.6483
202.0464	1.9464	1.6484
202.1988	1.9370	1.6485
202.3512	1.9125	1.6486
202.5036	1.9051	1.6487
202.6560	1.9075	1.6488
202.8084	1.9176	1.6490
202.9608	1.9282	1.6491
203.1132	1.9292	1.6492
203.2656	1.9302	1.6493
203.4180	1.9318	1.6494
203.5704	1.9336	1.6495
203.7228	1.9399	1.6496
203.8752	1.9430	1.6498
204.0276	1.9368	1.6499
204.1800	1.9338	1.6500
204.3324	1.9237	1.6501
204.4848	1.9186	1.6502
204.6372	1.9114	1.6503
204.7896	1.9138	1.6504
204.9420	1.9200	1.6505
205.0944	1.9069	1.6507
205.2468	1.8815	1.6508
205.3992	1.8637	1.6509
205.5516	1.8456	1.6510
205.7040	1.8326	1.6511
205.8564	1.8244	1.6512
206.0088	1.8178	1.6513
206.1612	1.8291	1.6514
206.3136	1.8333	1.6516
206.4660	1.8685	1.6517
206.6184	1.8917	1.6518
206.7708	1.9109	1.6519
206.9232	1.9218	1.6520
207.0756	1.9034	1.6521
207.2280	1.8997	1.6522
207.3804	1.8899	1.6524
207.5328	1.8821	1.6525
207.6852	1.8823	1.6526
207.8376	1.8735	1.6527
207.9900	1.8679	1.6528
208.1424	1.8702	1.6529
208.2948	1.8655	1.6530
208.4472	1.8614	1.6532
208.5996	1.8708	1.6533
208.7520	1.8739	1.6534
208.9044	1.8654	1.6535
209.0568	1.8603	1.6536
209.2092	1.8724	1.6537
209.3616	1.8861	1.6538
209.5140	1.9056	1.6540
209.6664	1.9048	1.6541
209.8188	1.9094	1.6542
209.9712	1.9149	1.6543
210.1236	1.9282	1.6544
210.2760	1.9232	1.6545
210.4284	1.9128	1.6547
210.5808	1.9088	1.6548
210.7332	1.9002	1.6549
210.8856	1.8978	1.6550
211.0380	1.8919	1.6551
211.1904	1.8898	1.6552
211.3428	1.8935	1.6553
211.4952	1.9018	1.6555
211.6476	1.9055	1.6556
211.8000	1.9051	1.6557
211.9524	1.9110	1.6558
212.1048	1.9081	1.6559
212.2572	1.9031	1.6560
212.4096	1.9059	1.6562
212.5620	1.9171	1.6563
212.7144	1.9096	1.6564
212.8668	1.9040	1.6565
213.0192	1.9132	1.6566
213.1716	1.9143	1.6567
213.3240	1.9175	1.6569
213.4764	1.9188	1.6570
213.6288	1.9252	1.6571
213.7812	1.9302	1.6572
213.9336	1.9176	1.6573
214.0860	1.9103	1.6574
214.2384	1.8980	1.6575
214.3908	1.8979	1.6577
214.5432	1.9009	1.6578
214.6956	1.9041	1.6579
214.8480	1.9008	1.6580
215.0004	1.8920	1.6581
215.1528	1.8886	1.6583
215.3052	1.8921	1.6584
215.4576	1.8997	1.6585
215.6100	1.9081	1.6586
215.7624	1.9168	1.6587
215.9148	1.9238	1.6588
216.0672	1.9280	1.6590
216.2196	1.9343	1.6591
216.3720	1.9308	1.6592
216.5244	1.9264	1.6593
216.6768	1.9246	1.6594
216.8292	1.9206	1.6595
216.9816	1.9269	1.6597
217.1340	1.9286	1.6598
217.2864	1.9325	1.6599
217.4388	1.9428	1.6600
217.5912	1.9364	1.6601
217.7436	1.9227	1.6602
217.8960	1.9198	1.6604
218.0484	1.9189	1.6605
218.2008	1.9215	1.6606
218.3532	1.9256	1.6607
218.5056	1.9266	1.6608
218.6580	1.9418	1.6610
218.8104	1.9357	1.6611
218.9628	1.9301	1.6612
219.1152	1.9222	1.6613
219.2676	1.9196	1.6614
219.4200	1.9185	1.6615
219.5724	1.9157	1.6617
219.7248	1.9140	1.6618
219.8772	1.9183	1.6619
220.0296	1.9213	1.6620
220.1820	1.9205	1.6621
220.3344	1.9218	1.6623
220.4868	1.9260	1.6624
220.6392	1.9246	1.6625
220.7916	1.9288	1.6626
220.9440	1.9305	1.6627
221.0964	1.9379	1.6629
221.2488	1.9487	1.6630
221.4012	1.9496	1.6631
221.5536	1.9445	1.6632
221.7060	1.9372	1.6633
221.8584	1.9440	1.6635
222.0108	1.9361	1.6636
222.1632	1.9453	1.6637
222.3156	1.9432	1.6638
222.4680	1.9437	1.6639
222.6204	1.9515	1.6640
222.7728	1.9514	1.6642
222.9252	1.9496	1.6643
223.0776	1.9471	1.6644
223.2300	1.9504	1.6645
223.3824	1.9518	1.6646
223.5348	1.9448	1.6648
223.6872	1.9422	1.6649
223.8396	1.9442	1.6650
223.9920	1.9492	1.6651
224.1444	1.9542	1.6652
224.2968	1.9574	1.6654
224.4492	1.9586	1.6655
224.6016	1.9564	1.6656
224.7540	1.9542	1.6657
224.9064	1.9526	1.6659
225.0588	1.9486	1.6660
225.2112	1.9506	1.6661
225.3636	1.9494	1.6662
225.5160	1.9548	1.6663
225.6684	1.9569	1.6665
225.8208	1.9537	1.6666
225.9732	1.9499	1.6667
226.1256	1.9470	1.6668
226.2780	1.9426	1.6669
226.4304	1.9446	1.6671
226.5828	1.9395	1.6672
226.7352	1.9391	1.6673
226.8876	1.9476	1.6674
227.0400	1.9404	1.6675
227.1924	1.9433	1.6677
227.3448	1.9468	1.6678
227.4972	1.9545	1.6679
227.6496	1.9528	1.6680
227.8020	1.9523	1.6682
227.9544	1.9676	1.6683
228.1068	1.9634	1.6684
228.2592	1.9642	1.6685
228.4116	1.9645	1.6686
228.5640	1.9670	1.6688
228.7164	1.9883	1.6689
228.8688	1.9914	1.6690
229.0212	1.9901	1.6691
229.1736	2.0037	1.6693
229.3260	2.0086	1.6694
229.4784	2.0036	1.6695
229.6308	1.9932	1.6696
229.7832	2.0158	1.6697
229.9356	2.0176	1.6699
230.0880	2.0156	1.6700
230.2404	2.0139	1.6701
230.3928	2.0104	1.6702
230.5452	2.0105	1.6704
230.6976	2.0585	1.6705
230.8500	2.0683	1.6706
231.0024	2.0749	1.6707
231.1548	2.0723	1.6708
231.3072	2.0773	1.6710
231.4596	2.0680	1.6711
231.6120	2.0440	1.6712
231.7644	2.0394	1.6713
231.9168	2.0369	1.6715
232.0692	2.0275	1.6716
232.2216	2.0203	1.6717
232.3740	2.0157	1.6718
232.5264	2.0190	1.6720
232.6788	2.0181	1.6721
232.8312	1.9908	1.6722
232.9836	1.9866	1.6723
233.1360	1.9925	1.6724
233.2884	2.0174	1.6726
233.4408	2.0208	1.6727
233.5932	2.0229	1.6728
233.7456	2.0185	1.6729
233.8980	2.0174	1.6731
234.0504	2.0148	1.6732
234.2028	2.0016	1.6733
234.3552	1.9962	1.6734
234.5076	1.9919	1.6736
234.6600	2.0027	1.6737
234.8124	2.0148	1.6738
234.9648	2.0305	1.6739
235.1172	2.0386	1.6741
235.2696	2.0474	1.6742
235.4220	2.0671	1.6743
235.5744	2.0801	1.6744
235.7268	2.0942	1.6746
235.8792	2.1015	1.6747
236.0316	2.1094	1.6748
236.1840	2.1382	1.6749
236.3364	2.1201	1.6751
236.4888	2.0943	1.6752
236.6412	2.0742	1.6753
236.7936	2.0677	1.6754
236.9460	2.0446	1.6756
237.0984	2.0435	1.6757
237.2508	2.0534	1.6758
237.4032	2.0590	1.6759
237.5556	2.0632	1.6761
237.7080	2.0764	1.6762
237.8604	2.0822	1.6763
238.0128	2.0800	1.6764
238.1652	2.0822	1.6766
238.3176	2.0952	1.6767
238.4700	2.0806	1.6768
238.6224	2.0658	1.6769
238.7748	2.0579	1.6771
238.9272	2.0215	1.6772
239.0796	2.0073	1.6773
239.2320	1.9989	1.6774
239.3844	1.9750	1.6776
239.5368	1.9709	1.6777
239.6892	2.0270	1.6778
239.8416	2.0229	1.6779
239.9940	2.0192	1.6781
240.1464	2.0207	1.6782
240.2988	2.0324	1.6783
240.4512	2.0306	1.6784
240.6036	2.0113	1.6786
240.7560	2.0152	1.6787
240.9084	2.0105	1.6788
241.0608	2.0136	1.6790
241.2132	2.0127	1.6791
241.3656	2.0193	1.6792
241.5180	2.0357	1.6793
241.6704	2.0422	1.6795
241.8228	2.0403	1.6796
241.9752	2.0322	1.6797
242.1276	2.0183	1.6798
242.2800	2.0032	1.6800
242.4324	1.9876	1.6801
242.5848	1.9780	1.6802
242.7372	1.9761	1.6803
242.8896	1.9699	1.6805
243.0420	1.9649	1.6806
243.1944	1.9591	1.6807
243.3468	1.9704	1.6809
243.4992	1.9636	1.6810
243.6516	1.9694	1.6811
243.8040	1.9703	1.6812
243.9564	1.9738	1.6814
244.1088	1.9762	1.6815
244.2612	1.9805	1.6816
244.4136	1.9642	1.6818
244.5660	1.9315	1.6819
244.7184	1.9168	1.6820
244.8708	1.9102	1.6821
245.0232	1.9400	1.6823
245.1756	1.9494	1.6824
245.3280	1.9688	1.6825
245.4804	1.9792	1.6826
245.6328	1.9845	1.6828
245.7852	1.9833	1.6829
245.9376	1.9701	1.6830
246.0900	1.9755	1.6832
246.2424	1.9693	1.6833
246.3948	1.9610	1.6834
246.5472	1.9814	1.6835
246.6996	1.9588	1.6837
246.8520	1.9500	1.6838
247.0044	1.9581	1.6839
247.1568	1.9512	1.6841
247.3092	1.9443	1.6842
247.4616	1.9397	1.6843
247.6140	1.9361	1.6844
247.7664	1.9275	1.6846
247.9188	1.9290	1.6847
248.0712	1.9194	1.6848
248.2236	1.9415	1.6850
248.3760	1.9400	1.6851
248.5284	1.9484	1.6852
248.6808	1.9492	1.6854
248.8332	1.9415	1.6855
248.9856	1.9247	1.6856
249.1380	1.9300	1.6857
249.2904	1.9315	1.6859
249.4428	1.9333	1.6860
249.5952	1.9333	1.6861
249.7476	1.9280	1.6863
249.9000	1.9208	1.6864
250.0524	1.9117	1.6865
250.2048	1.9093	1.6867
250.3572	1.8933	1.6868
250.5096	1.9358	1.6869
250.6620	1.9440	1.6870
250.8144	1.9414	1.6872
250.9668	1.9431	1.6873
251.1192	1.9391	1.6874
251.2716	1.8978	1.6876
251.4240	1.8979	1.6877
251.5764	1.8772	1.6878
251.7288	1.8106	1.6880
251.8812	1.8127	1.6881
252.0336	1.8355	1.6882
252.1860	1.9046	1.6883
252.3384	1.9165	1.6885
252.4908	1.9230	1.6886
252.6432	1.9282	1.6887
252.7956	1.9353	1.6889
252.9480	1.9209	1.6890
253.1004	1.9272	1.6891
253.2528	1.9359	1.6893
253.4052	1.9444	1.6894
253.5576	1.9497	1.6895
253.7100	1.9447	1.6897
253.8624	1.9218	1.6898
254.0148	1.9171	1.6899
254.1672	1.9230	1.6901
254.3196	1.9423	1.6902
254.4720	1.9563	1.6903
254.6244	1.9676	1.6904
254.7768	1.9824	1.6906
254.9292	2.0164	1.6907
255.0816	2.0289	1.6908
255.2340	2.0222	1.6910
255.3864	1.9843	1.6911
255.5388	1.9904	1.6912
255.6912	1.9604	1.6914
255.8436	1.9554	1.6915
255.9960	1.9439	1.6916
256.1484	1.9412	1.6918
256.3008	1.9398	1.6919
256.4532	1.9356	1.6920
256.6056	1.9521	1.6922
256.7580	1.9587	1.6923
256.9104	1.9680	1.6924
257.0628	1.9766	1.6926
257.2152	1.9805	1.6927
257.3676	1.9755	1.6928
257.5200	1.9498	1.6930
257.6724	1.9318	1.6931
257.8248	1.9280	1.6932
257.9772	1.9357	1.6934
258.1296	1.9374	1.6935
258.2820	1.9433	1.6936
258.4344	1.9914	1.6938
258.5868	1.9878	1.6939
258.7392	1.9821	1.6940
258.8916	1.9717	1.6942
259.0440	1.9826	1.6943
259.1964	1.9590	1.6944
259.3488	1.9510	1.6946
259.5012	1.9620	1.6947
259.6536	1.9535	1.6948
259.8060	1.9516	1.6950
259.9584	1.9459	1.6951
260.1108	1.9391	1.6952
260.2632	1.9238	1.6954
260.4156	1.8899	1.6955
260.5680	1.8641	1.6956
260.7204	1.8566	1.6958
260.8728	1.8462	1.6959
261.0252	1.8447	1.6960
261.1776	1.8674	1.6962
261.3300	1.8859	1.6963
261.4824	1.9027	1.6964
261.6348	1.8814	1.6966
261.7872	1.9097	1.6967
261.9396	1.8917	1.6968
262.0920	1.8664	1.6970
262.2444	1.8177	1.6971
262.3968	1.8227	1.6972
262.5492	1.8761	1.6974
262.7016	1.8793	1.6975
262.8540	1.8814	1.6976
263.0064	1.8849	1.6978
263.1588	1.9022	1.6979
263.3112	1.8919	1.6980
263.4636	1.8887	1.6982
263.6160	1.8759	1.6983
263.7684	1.8773	1.6984
263.9208	1.8894	1.6986
264.0732	1.9188	1.6987
264.2256	1.9413	1.6989
264.3780	1.9580	1.6990
264.5304	1.9392	1.6991
264.6828	1.9351	1.6993
264.8352	1.9396	1.6994
264.9876	1.9430	1.6995
265.1400	1.9381	1.6997
265.2924	1.9572	1.6998
265.4448	1.9790	1.6999
265.5972	1.9487	1.7001
265.7496	1.9436	1.7002
265.9020	1.9361	1.7003
266.0544	1.9395	1.7005
266.2068	1.9341	1.7006
266.3592	1.9036	1.7007
266.5116	1.9031	1.7009
266.6640	1.9464	1.7010
266.8164	1.9705	1.7012
266.9688	1.9746	1.7013
267.1212	1.9703	1.7014
267.2736	1.9711	1.7016
267.4260	1.9560	1.7017
267.5784	1.9328	1.7018
267.7308	1.9305	1.7020
267.8832	1.9507	1.7021
268.0356	1.9436	1.7022
268.1880	1.9463	1.7024
268.3404	1.9320	1.7025
268.4928	1.9311	1.7027
268.6452	1.9282	1.7028
268.7976	1.9103	1.7029
268.9500	1.8986	1.7031
269.1024	1.9923	1.7032
269.2548	1.9943	1.7033
269.4072	1.9990	1.7035
269.5596	2.0150	1.7036
269.7120	2.0320	1.7038
269.8644	2.0351	1.7039
270.0168	2.0310	1.7040
270.1692	2.0301	1.7042
270.3216	2.0110	1.7043
270.4740	1.9924	1.7044
270.6264	1.9662	1.7046
270.7788	1.9730	1.7047
270.9312	1.9663	1.7049
271.0836	1.9794	1.7050
271.2360	1.9808	1.7051
271.3884	1.9864	1.7053
271.5408	1.9854	1.7054
271.6932	2.0121	1.7055
271.8456	2.0191	1.7057
271.9980	2.0108	1.7058
272.1504	2.0037	1.7060
272.3028	1.9898	1.7061
272.4552	1.9454	1.7062
272.6076	1.9417	1.7064
272.7600	1.9534	1.7065
272.9124	1.9531	1.7067
273.0648	1.9850	1.7068
273.2172	1.9899	1.7069
273.3696	1.9513	1.7071
273.5220	1.9498	1.7072
273.6744	1.8738	1.7073
273.8268	1.8409	1.7075
273.9792	1.8427	1.7076
274.1316	1.8321	1.7078
274.2840	1.8314	1.7079
274.4364	1.8365	1.7080
274.5888	1.8416	1.7082
274.7412	1.8730	1.7083
274.8936	1.8924	1.7085
275.0460	1.8977	1.7086
275.1984	1.9092	1.7087
275.3508	1.9195	1.7089
275.5032	1.9288	1.7090
275.6556	1.9366	1.7092
275.8080	1.9415	1.7093
275.9604	1.9581	1.7094
276.1128	1.9955	1.7096
276.2652	2.0155	1.7097
276.4176	2.0364	1.7098
276.5700	2.0380	1.7100
276.7224	2.0322	1.7101
276.8748	2.0095	1.7103
277.0272	1.9959	1.7104
277.1796	1.9649	1.7105
277.3320	1.9066	1.7107
277.4844	1.8914	1.7108
277.6368	1.9018	1.7110
277.7892	1.9101	1.7111
277.9416	1.9229	1.7112
278.0940	1.9320	1.7114
278.2464	1.9239	1.7115
278.3988	1.9517	1.7117
278.5512	2.0057	1.7118
278.7036	2.0285	1.7120
278.8560	2.0326	1.7121
279.0084	2.0353	1.7122
279.1608	2.0559	1.7124
279.3132	2.0326	1.7125
279.4656	2.0647	1.7127
279.6180	2.0430	1.7128
279.7704	2.0106	1.7129
279.9228	1.9989	1.7131
280.0752	2.0132	1.7132
280.2276	2.0165	1.7134
280.3800	2.0309	1.7135
280.5324	2.0769	1.7136
280.6848	2.0795	1.7138
280.8372	2.0092	1.7139
280.9896	1.9553	1.7141
281.1420	1.9396	1.7142
281.2944	1.9391	1.7144
281.4468	1.9328	1.7145
281.5992	1.9465	1.7146
281.7516	1.9471	1.7148
281.9040	1.9286	1.7149
282.0564	1.9323	1.7151
282.2088	1.9406	1.7152
282.3612	1.9479	1.7153
282.5136	1.9937	1.7155
282.6660	1.9891	1.7156
282.8184	1.9865	1.7158
282.9708	1.9822	1.7159
283.1232	1.9778	1.7161
283.2756	1.8853	1.7162
283.4280	1.8832	1.7163
283.5804	1.9101	1.7165
283.7328	1.8813	1.7166
283.8852	1.8970	1.7168
284.0376	1.9131	1.7169
284.1900	1.9466	1.7170
284.3424	1.9981	1.7172
284.4948	2.0000	1.7173
284.6472	1.9846	1.7175
284.7996	1.9816	1.7176
284.9520	1.9781	1.7178
285.1044	1.9777	1.7179
285.2568	1.9884	1.7180
285.4092	2.0009	1.7182
285.5616	2.0067	1.7183
285.7140	2.0009	1.7185
285.8664	1.9759	1.7186
286.0188	1.9739	1.7188
286.1712	1.9623	1.7189
286.3236	1.9545	1.7191
286.4760	1.9462	1.7192
286.6284	1.9525	1.7193
286.7808	1.9625	1.7195
286.9332	1.9621	1.7196
287.0856	1.9786	1.7198
287.2380	2.0487	1.7199
287.3904	2.0900	1.7201
287.5428	2.0896	1.7202
287.6952	2.0802	1.7203
287.8476	2.0740	1.7205
288.0000	2.0754	1.7206
288.1524	2.0684	1.7208
288.3048	2.0275	1.7209
288.4572	2.0091	1.7211
288.6096	1.9995	1.7212
288.7620	2.0075	1.7214
288.9144	2.0018	1.7215
289.0668	1.9973	1.7216
289.2192	1.9992	1.7218
289.3716	1.9937	1.7219
289.5240	1.9921	1.7221
289.6764	1.9747	1.7222
289.8288	2.0141	1.7224
289.9812	2.0117	1.7225
290.1336	2.0153	1.7227
290.2860	2.0247	1.7228
290.4384	2.0276	1.7229
290.5908	2.0035	1.7231
290.7432	2.0100	1.7232
290.8956	2.0074	1.7234
291.0480	2.0158	1.7235
291.2004	2.0209	1.7237
291.3528	2.0208	1.7238
291.5052	2.0151	1.7240
291.6576	2.0005	1.7241
291.8100	1.9975	1.7243
291.9624	1.9998	1.7244
292.1148	1.9898	1.7245
292.2672	1.9827	1.7247
292.4196	1.9904	1.7248
292.5720	1.9718	1.7250
292.7244	1.9752	1.7251
292.8768	1.9835	1.7253
293.0292	1.9795	1.7254
293.1816	1.9845	1.7256
293.3340	1.9830	1.7257
293.4864	1.9837	1.7259
293.6388	1.9989	1.7260
293.7912	2.0037	1.7261
293.9436	2.0129	1.7263
294.0960	2.0116	1.7264
294.2484	2.0146	1.7266
294.4008	2.0185	1.7267
294.5532	2.0170	1.7269
294.7056	2.0145	1.7270
294.8580	2.0116	1.7272
295.0104	2.0086	1.7273
295.1628	2.0103	1.7275
295.3152	2.0167	1.7276
295.4676	2.0169	1.7278
295.6200	2.0230	1.7279
295.7724	2.0199	1.7281
295.9248	2.0152	1.7282
296.0772	2.0246	1.7283
296.2296	2.0220	1.7285
296.3820	2.0177	1.7286
296.5344	2.0160	1.7288
296.6868	2.0031	1.7289
296.8392	1.9852	1.7291
296.9916	1.9840	1.7292
297.1440	1.9834	1.7294
297.2964	1.9814	1.7295
297.4488	1.9817	1.7297
297.6012	1.9864	1.7298
297.7536	1.9850	1.7300
297.9060	2.0243	1.7301
298.0584	2.0480	1.7303
298.2108	2.0586	1.7304
298.3632	2.0766	1.7306
298.5156	2.0849	1.7307
298.6680	2.0701	1.7309
298.8204	2.0844	1.7310
298.9728	2.0744	1.7312
299.1252	2.0625	1.7313
299.2776	2.0282	1.7314
299.4300	2.0354	1.7316
299.5824	2.0378	1.7317
299.7348	2.0462	1.7319
299.8872	2.0453	1.7320
300.0396	2.0353	1.7322
300.1920	2.0420	1.7323
300.3444	2.0214	1.7325
300.4968	1.9964	1.7326
300.6492	1.9831	1.7328
300.8016	1.9835	1.7329
300.9540	1.9764	1.7331
301.1064	1.9658	1.7332
301.2588	1.9744	1.7334
301.4112	1.9731	1.7335
301.5636	1.9686	1.7337
301.7160	1.9757	1.7338
301.8684	1.9539	1.7340
302.0208	1.9573	1.7341
302.1732	1.9805	1.7343
302.3256	2.0009	1.7344
302.4780	2.0174	1.7346
302.6304	2.0329	1.7347
302.7828	2.0260	1.7349
302.9352	2.0245	1.7350
303.0876	2.0101	1.7352
303.2400	1.9961	1.7353
303.3924	1.9843	1.7355
303.5448	1.9830	1.7356
303.6972	1.9934	1.7358
303.8496	1.9905	1.7359
304.0020	1.9868	1.7361
304.1544	1.9696	1.7362
304.3068	1.9576	1.7364
304.4592	1.9550	1.7365
304.6116	1.9731	1.7367
304.7640	1.9795	1.7368
304.9164	2.0056	1.7370
305.0688	2.0080	1.7371
305.2212	2.0064	1.7373
305.3736	2.0000	1.7374
305.5260	1.9992	1.7376
305.6784	2.0037	1.7377
305.8308	2.0091	1.7379
305.9832	2.0146	1.7380
306.1356	2.0110	1.7382
306.2880	2.0025	1.7383
306.4404	2.0048	1.7385
306.5928	1.9976	1.7386
306.7452	1.9786	1.7388
306.8976	1.9884	1.7389
307.0500	1.9868	1.7391
307.2024	1.9832	1.7392
307.3548	1.9877	1.7394
307.5072	1.9887	1.7395
307.6596	1.9855	1.7397
307.8120	1.9850	1.7398
307.9644	1.9823	1.7400
308.1168	1.9754	1.7401
308.2692	1.9815	1.7403
308.4216	1.9940	1.7404
308.5740	1.9917	1.7406
308.7264	1.9961	1.7407
308.8788	1.9891	1.7409
309.0312	1.9776	1.7411
309.1836	1.9705	1.7412
309.3360	1.9644	1.7414
309.4884	1.9677	1.7415
309.6408	1.9691	1.7417
309.7932	1.9675	1.7418
309.9456	1.9817	1.7420
310.0980	1.9934	1.7421
310.2504	1.9981	1.7423
310.4028	1.9901	1.7424
310.5552	1.9915	1.7426
310.7076	1.9841	1.7427
310.8600	1.9791	1.7429
311.0124	1.9771	1.7430
311.1648	1.9689	1.7432
311.3172	1.9810	1.7433
311.4696	1.9944	1.7435
311.6220	2.0010	1.7436
311.7744	2.0080	1.7438
311.9268	2.0141	1.7439
312.0792	2.0306	1.7441
312.2316	2.0400	1.7443
312.3840	2.0182	1.7444
312.5364	1.9944	1.7446
312.6888	1.9849	1.7447
312.8412	1.9851	1.7449
312.9936	1.9862	1.7450
313.1460	2.0041	1.7452
313.2984	2.0104	1.7453
313.4508	2.0058	1.7455
313.6032	2.0018	1.7456
313.7556	2.0068	1.7458
313.9080	2.0142	1.7459
314.0604	2.0087	1.7461
314.2128	1.9973	1.7462
314.3652	1.9786	1.7464
314.5176	1.9777	1.7466
314.6700	1.9801	1.7467
314.8224	1.9771	1.7469
314.9748	1.9718	1.7470
315.1272	1.9566	1.7472
315.2796	1.9369	1.7473
315.4320	1.9141	1.7475
315.5844	1.9074	1.7476
315.7368	1.9173	1.7478
315.8892	1.9560	1.7479
316.0416	1.9642	1.7481
316.1940	1.9956	1.7483
316.3464	2.0016	1.7484
316.4988	2.0029	1.7486
316.6512	2.0165	1.7487
316.8036	2.0237	1.7489
316.9560	2.0372	1.7490
317.1084	2.0496	1.7492
317.2608	2.0559	1.7493
317.4132	2.0568	1.7495
317.5656	2.0335	1.7496
317.7180	2.0185	1.7498
317.8704	1.9941	1.7500
318.0228	1.9707	1.7501
318.1752	1.9702	1.7503
318.3276	1.9738	1.7504
318.4800	1.9801	1.7506
318.6324	1.9878	1.7507
318.7848	2.0036	1.7509
318.9372	2.0205	1.7510
319.0896	2.0340	1.7512
319.2420	2.0496	1.7514
319.3944	2.0382	1.7515
319.5468	2.0264	1.7517
319.6992	2.0161	1.7518
319.8516	2.0000	1.7520
320.0040	2.0009	1.7521
320.1564	1.9992	1.7523
320.3088	2.0022	1.7524
320.4612	2.0059	1.7526
320.6136	2.0031	1.7528
320.7660	1.9953	1.7529
320.9184	1.9933	1.7531
321.0708	1.9953	1.7532
321.2232	1.9956	1.7534
321.3756	1.9932	1.7535
321.5280	1.9818	1.7537
321.6804	1.9805	1.7539
321.8328	1.9882	1.7540
321.9852	1.9840	1.7542
322.1376	1.9870	1.7543
322.2900	1.9929	1.7545
322.4424	1.9971	1.7546
322.5948	1.9928	1.7548
322.7472	1.9981	1.7550
322.8996	1.9909	1.7551
323.0520	1.9988	1.7553
323.2044	1.9979	1.7554
323.3568	1.9938	1.7556
323.5092	1.9945	1.7557
323.6616	2.0012	1.7559
323.8140	2.0042	1.7561
323.9664	2.0028	1.7562
324.1188	1.9994	1.7564
324.2712	1.9955	1.7565
324.4236	1.9956	1.7567
324.5760	1.9959	1.7568
324.7284	1.9808	1.7570
324.8808	1.9816	1.7572
325.0332	1.9852	1.7573
325.1856	1.9805	1.7575
325.3380	1.9782	1.7576
325.4904	1.9796	1.7578
325.6428	1.9676	1.7579
325.7952	1.9624	1.7581
325.9476	1.9535	1.7583
326.1000	1.9500	1.7584
326.2524	1.9616	1.7586
326.4048	1.9683	1.7587
326.5572	1.9709	1.7589
326.7096	1.9732	1.7591
326.8620	1.9773	1.7592
327.0144	1.9751	1.7594
327.1668	1.9673	1.7595
327.3192	1.9354	1.7597
327.4716	1.9132	1.7598
327.6240	1.9010	1.7600
327.7764	1.8824	1.7602
327.9288	1.8551	1.7603
328.0812	1.8354	1.7605
328.2336	1.8182	1.7606
328.3860	1.8312	1.7608
328.5384	1.8852	1.7610
328.6908	1.9672	1.7611
328.8432	1.9962	1.7613
328.9956	1.9986	1.7614
329.1480	1.9905	1.7616
329.3004	1.9797	1.7618
329.4528	1.9623	1.7619
329.6052	1.9333	1.7621
329.7576	1.9152	1.7622
329.9100	1.9128	1.7624
330.0624	1.9301	1.7626
330.2148	1.9395	1.7627
330.3672	1.9355	1.7629
330.5196	1.9464	1.7630
330.6720	1.9481	1.7632
330.8244	1.9465	1.7633
330.9768	1.9230	1.7635
331.1292	1.9068	1.7637
331.2816	1.9050	1.7638
331.4340	1.9071	1.7640
331.5864	1.8936	1.7642
331.7388	1.9583	1.7643
331.8912	1.9432	1.7645
332.0436	1.9235	1.7646
332.1960	1.9037	1.7648
332.3484	1.8604	1.7650
332.5008	1.8573	1.7651
332.6532	1.8392	1.7653
332.8056	1.7997	1.7654
332.9580	1.8063	1.7656
333.1104	1.7987	1.7658
333.2628	1.8115	1.7659
333.4152	1.8281	1.7661
333.5676	1.8424	1.7662
333.7200	1.8377	1.7664
333.8724	1.8813	1.7666
334.0248	1.8897	1.7667
334.1772	1.9000	1.7669
334.3296	1.9360	1.7670
334.4820	1.9414	1.7672
334.6344	1.9466	1.7674
334.7868	1.9558	1.7675
334.9392	1.9456	1.7677
335.0916	1.9443	1.7679
335.2440	1.9413	1.7680
335.3964	1.9468	1.7682
335.5488	1.9936	1.7683
335.7012	2.0174	1.7685
335.8536	2.0119	1.7687
336.0060	2.0168	1.7688
336.1584	2.0152	1.7690
336.3108	1.9246	1.7691
336.4632	1.9561	1.7693
336.6156	1.9642	1.7695
336.7680	1.9740	1.7696
336.9204	2.0003	1.7698
337.0728	2.0563	1.7700
337.2252	2.0997	1.7701
337.3776	2.1438	1.7703
337.5300	2.1551	1.7704
337.6824	2.1678	1.7706
337.8348	2.1660	1.7708
337.9872	2.1291	1.7709
338.1396	2.0981	1.7711
338.2920	2.0704	1.7713
338.4444	2.0503	1.7714
338.5968	2.0253	1.7716
338.7492	2.0169	1.7717
338.9016	2.0333	1.7719
339.0540	2.0503	1.7721
339.2064	2.0791	1.7722
339.3588	2.1153	1.7724
339.5112	2.1231	1.7726
339.6636	2.1255	1.7727
339.8160	2.1101	1.7729
339.9684	2.0978	1.7731
340.1208	2.1005	1.7732
340.2732	2.0996	1.7734
340.4256	2.0944	1.7735
340.5780	2.0871	1.7737
340.7304	2.0889	1.7739
340.8828	2.0867	1.7740
341.0352	2.0843	1.7742
341.1876	2.0970	1.7744
341.3400	2.0889	1.7745
341.4924	2.0944	1.7747
341.6448	2.0940	1.7749
341.7972	2.1002	1.7750
341.9496	2.1021	1.7752
342.1020	2.1128	1.7753
342.2544	2.1146	1.7755
342.4068	2.1054	1.7757
342.5592	2.1130	1.7758
342.7116	2.1019	1.7760
342.8640	2.0977	1.7762
343.0164	2.1054	1.7763
343.1688	2.1077	1.7765
343.3212	2.1077	1.7767
343.4736	2.1012	1.7768
343.6260	2.1002	1.7770
343.7784	2.0989	1.7772
343.9308	2.0994	1.7773
344.0832	2.0986	1.7775
344.2356	2.1002	1.7776
344.3880	2.0975	1.7778
344.5404	2.0947	1.7780
344.6928	2.0961	1.7781
344.8452	2.0917	1.7783
344.9976	2.0883	1.7785
345.1500	2.0789	1.7786
345.3024	2.0864	1.7788
345.4548	2.0769	1.7790
345.6072	2.0710	1.7791
345.7596	2.0576	1.7793
345.9120	2.0515	1.7795
346.0644	2.0463	1.7796
346.2168	2.0416	1.7798
346.3692	2.0415	1.7800
346.5216	2.0449	1.7801
346.6740	2.0499	1.7803
346.8264	2.0616	1.7805
346.9788	2.0730	1.7806
347.1312	2.0700	1.7808
347.2836	2.0640	1.7810
347.4360	2.0627	1.7811
347.5884	2.0653	1.7813
347.7408	2.0637	1.7815
347.8932	2.0650	1.7816
348.0456	2.0716	1.7818
348.1980	2.0690	1.7820
348.3504	2.0661	1.7821
348.5028	2.0642	1.7823
348.6552	2.0570	1.7825
348.8076	2.0565	1.7826
348.9600	2.0443	1.7828
349.1124	2.0488	1.7830
349.2648	2.0571	1.7831
349.4172	2.0618	1.7833
349.5696	2.0662	1.7835
349.7220	2.0708	1.7836
349.8744	2.0745	1.7838
350.0268	2.0790	1.7840
350.1792	2.0861	1.7841
350.3316	2.0864	1.7843
350.4840	2.0871	1.7845
350.6364	2.0881	1.7846
350.7888	2.0866	1.7848
350.9412	2.0703	1.7850
351.0936	2.0654	1.7851
351.2460	2.0611	1.7853
351.3984	2.0642	1.7855
351.5508	2.0680	1.7856
351.7032	2.0734	1.7858
351.8556	2.0806	1.7860
352.0080	2.0742	1.7861
352.1604	2.0746	1.7863
352.3128	2.0641	1.7865
352.4652	2.0665	1.7866
352.6176	2.0715	1.7868
352.7700	2.0747	1.7870
352.9224	2.0793	1.7871
353.0748	2.0878	1.7873
353.2272	2.0948	1.7875
353.3796	2.0935	1.7876
353.5320	2.0897	1.7878
353.6844	2.0881	1.7880
353.8368	2.0851	1.7882
353.9892	2.0848	1.7883
354.1416	2.0947	1.7885
354.2940	2.0962	1.7887
354.4464	2.0973	1.7888
354.5988	2.1014	1.7890
354.7512	2.0949	1.7892
354.9036	2.0942	1.7893
355.0560	2.0964	1.7895
355.2084	2.0989	1.7897
355.3608	2.0999	1.7898
355.5132	2.1041	1.7900
355.6656	2.1023	1.7902
355.8180	2.0985	1.7903
355.9704	2.0985	1.7905
356.1228	2.0926	1.7907
356.2752	2.0998	1.7909
356.4276	2.1042	1.7910
356.5800	2.1111	1.7912
356.7324	2.1116	1.7914
356.8848	2.1128	1.7915
357.0372	2.1155	1.7917
357.1896	2.1184	1.7919
357.3420	2.1143	1.7920
357.4944	2.1125	1.7922
357.6468	2.1062	1.7924
357.7992	2.1068	1.7926
357.9516	2.1064	1.7927
358.1040	2.1079	1.7929
358.2564	2.1090	1.7931
358.4088	2.1107	1.7932
358.5612	2.1147	1.7934
358.7136	2.1189	1.7936
358.8660	2.1207	1.7937
359.0184	2.1257	1.7939
359.1708	2.1337	1.7941
359.3232	2.1403	1.7943
359.4756	2.1513	1.7944
359.6280	2.1557	1.7946
359.7804	2.1651	1.7948
359.9328	2.1949	1.7949
360.0852	2.2035	1.7951
360.2376	2.2090	1.7953
360.3900	2.2063	1.7955
360.5424	2.1883	1.7956
360.6948	2.1754	1.7958
360.8472	2.1608	1.7960
360.9996	2.1503	1.7961
361.1520	2.1513	1.7963
361.3044	2.1820	1.7965
361.4568	2.2056	1.7967
361.6092	2.2265	1.7968
361.7616	2.2570	1.7970
361.9140	2.2532	1.7972
362.0664	2.2626	1.7973
362.2188	2.2368	1.7975
362.3712	2.2195	1.7977
362.5236	2.2122	1.7979
362.6760	2.1702	1.7980
362.8284	2.1544	1.7982
362.9808	2.1410	1.7984
363.1332	2.1265	1.7985
363.2856	2.1247	1.7987
363.4380	2.1231	1.7989
363.5904	2.1335	1.7991
363.7428	2.1610	1.7992
363.8952	2.1788	1.7994
364.0476	2.1783	1.7996
364.2000	2.1754	1.7997
364.3524	2.1581	1.7999
364.5048	2.1707	1.8001
364.6572	2.1634	1.8003
364.8096	2.1502	1.8004
364.9620	2.1473	1.8006
365.1144	2.1435	1.8008
365.2668	2.1393	1.8010
365.4192	2.1392	1.8011
365.5716	2.1508	1.8013
365.7240	2.1691	1.8015
365.8764	2.1732	1.8016
366.0288	2.1778	1.8018
366.1812	2.1766	1.8020
366.3336	2.1645	1.8022
366.4860	2.1520	1.8023
366.6384	2.1367	1.8025
366.7908	2.1344	1.8027
366.9432	2.1432	1.8029
367.0956	2.1547	1.8030
367.2480	2.1694	1.8032
367.4004	2.1756	1.8034
367.5528	2.1748	1.8036
367.7052	2.1823	1.8037
367.8576	2.1791	1.8039
368.0100	2.1788	1.8041
368.1624	2.1737	1.8042
368.3148	2.1726	1.8044
368.4672	2.1708	1.8046
368.6196	2.1671	1.8048
368.7720	2.1690	1.8049
368.9244	2.1600	1.8051
369.0768	2.1535	1.8053
369.2292	2.1501	1.8055
369.3816	2.1475	1.8056
369.5340	2.1442	1.8058
369.6864	2.1540	1.8060
369.8388	2.1621	1.8062
369.9912	2.1626	1.8063
370.1436	2.1615	1.8065
370.2960	2.1547	1.8067
370.4484	2.1456	1.8069
370.6008	2.1537	1.8070
370.7532	2.1723	1.8072
370.9056	2.1766	1.8074
371.0580	2.1738	1.8076
371.2104	2.1785	1.8077
371.3628	2.1786	1.8079
371.5152	2.1814	1.8081
371.6676	2.1916	1.8083
371.8200	2.1850	1.8084
371.9724	2.1779	1.8086
372.1248	2.1686	1.8088
372.2772	2.1693	1.8090
372.4296	2.1613	1.8091
372.5820	2.1587	1.8093
372.7344	2.1594	1.8095
372.8868	2.1641	1.8097
373.0392	2.1631	1.8098
373.1916	2.1685	1.8100
373.3440	2.1830	1.8102
373.4964	2.1986	1.8104
373.6488	2.2188	1.8105
373.8011	2.2289	1.8107
373.9535	2.2190	1.8109
374.1059	2.1957	1.8111
374.2583	2.1829	1.8112
374.4107	2.1791	1.8114
374.5631	2.1755	1.8116
374.7155	2.1735	1.8118
374.8679	2.1750	1.8119
375.0203	2.1666	1.8121
375.1727	2.1628	1.8123
375.3251	2.1648	1.8125
375.4775	2.1710	1.8127
375.6299	2.1733	1.8128
375.7823	2.1714	1.8130
375.9347	2.1738	1.8132
376.0871	2.1796	1.8134
376.2395	2.1854	1.8135
376.3919	2.1825	1.8137
376.5443	2.1778	1.8139
376.6967	2.1761	1.8141
376.8491	2.1675	1.8142
377.0015	2.1651	1.8144
377.1539	2.1891	1.8146
377.3063	2.1978	1.8148
377.4587	2.2163	1.8150
377.6111	2.2010	1.8151
377.7635	2.1885	1.8153
377.9159	2.1852	1.8155
378.0683	2.1848	1.8157
378.2207	2.1801	1.8158
378.3731	2.1786	1.8160
378.5255	2.1801	1.8162
378.6779	2.1802	1.8164
378.8303	2.1806	1.8166
378.9827	2.1818	1.8167
379.1351	2.1793	1.8169
379.2875	2.1758	1.8171
379.4399	2.1764	1.8173
379.5923	2.1874	1.8174
379.7447	2.2056	1.8176
379.8971	2.2255	1.8178
380.0495	2.2340	1.8180
380.2019	2.2315	1.8182
380.3543	2.2533	1.8183
380.5067	2.2804	1.8185
380.6591	2.2893	1.8187
380.8115	2.2992	1.8189
380.9639	2.2909	1.8190
381.1163	2.2851	1.8192
381.2687	2.2743	1.8194
381.4211	2.2481	1.8196
381.5735	2.2404	1.8198
381.7259	2.2391	1.8199
381.8783	2.2428	1.8201
382.0307	2.2749	1.8203
382.1831	2.3027	1.8205
382.3355	2.3032	1.8207
382.4879	2.2565	1.8208
382.6403	2.2752	1.8210
382.7927	2.1766	1.8212
382.9451	2.0185	1.8214
383.0975	2.0197	1.8216
383.2499	1.9893	1.8217
383.4023	1.9850	1.8219
383.5547	2.0140	1.8221
383.7071	2.0495	1.8223
383.8595	2.0803	1.8225
384.0119	2.0798	1.8226
384.1643	2.1481	1.8228
384.3167	2.1555	1.8230
384.4691	2.1723	1.8232
384.6215	2.1729	1.8234
384.7739	2.1603	1.8235
384.9263	2.1395	1.8237
385.0787	2.1268	1.8239
385.2311	2.1175	1.8241
385.3835	2.0992	1.8243
385.5359	2.0713	1.8244
385.6883	2.0524	1.8246
385.8407	2.0195	1.8248
385.9931	2.0285	1.8250
386.1455	2.0056	1.8252
386.2979	2.0134	1.8253
386.4503	2.0266	1.8255
386.6027	2.0365	1.8257
386.7551	2.0610	1.8259
386.9075	2.1453	1.8261
387.0599	2.1295	1.8262
387.2123	2.1387	1.8264
387.3647	2.1695	1.8266
387.5171	2.2092	1.8268
387.6695	2.1213	1.8270
387.8219	2.0715	1.8271
387.9743	2.0137	1.8273
388.1267	2.0424	1.8275
388.2791	2.0582	1.8277
388.4315	2.0558	1.8279
388.5839	2.1515	1.8281
388.7363	2.1314	1.8282
388.8887	2.1366	1.8284
389.0411	2.1028	1.8286
389.1935	2.1534	1.8288
389.3459	2.1031	1.8290
389.4983	2.0785	1.8291
389.6507	2.1045	1.8293
389.8031	2.0797	1.8295
389.9555	2.0627	1.8297
390.1079	2.0529	1.8299
390.2603	2.0448	1.8301
390.4127	2.0325	1.8302
390.5651	2.0220	1.8304
390.7175	2.0211	1.8306
390.8699	2.0238	1.8308
391.0223	2.0249	1.8310
391.1747	2.0528	1.8311
391.3271	2.0855	1.8313
391.4795	2.0867	1.8315
391.6319	2.0974	1.8317
391.7843	2.1097	1.8319
391.9367	2.0525	1.8321
392.0891	2.0379	1.8322
392.2415	2.0621	1.8324
392.3939	2.0552	1.8326
392.5463	2.0480	1.8328
392.6987	2.0235	1.8330
392.8511	2.0239	1.8332
393.0035	2.0647	1.8333
393.1559	2.0758	1.8335
393.3083	2.0766	1.8337
393.4607	2.0772	1.8339
393.6131	2.0834	1.8341
393.7655	2.1002	1.8343
393.9179	2.1249	1.8344
394.0703	2.1365	1.8346
394.2227	2.1229	1.8348
394.3751	2.1445	1.8350
394.5275	2.1395	1.8352
394.6799	2.0358	1.8354
394.8323	2.0001	1.8355
394.9847	2.0098	1.8357
395.1371	2.0060	1.8359
395.2895	2.0351	1.8361
395.4419	2.0555	1.8363
395.5943	2.0889	1.8365
395.7467	2.1075	1.8366
395.8991	2.1205	1.8368
396.0515	2.1166	1.8370
396.2039	2.1208	1.8372
396.3563	2.1441	1.8374
396.5087	2.1351	1.8376
396.6611	2.0984	1.8377
396.8135	2.1363	1.8379
396.9659	2.1372	1.8381
397.1183	2.1424	1.8383
397.2707	2.1095	1.8385
397.4231	2.0969	1.8387
397.5755	2.1034	1.8389
397.7279	2.0894	1.8390
397.8803	2.0790	1.8392
398.0327	2.0767	1.8394
398.1851	2.0604	1.8396
398.3375	2.0181	1.8398
398.4899	2.0105	1.8400
398.6423	2.0451	1.8402
398.7947	2.0473	1.8403
398.9471	2.0613	1.8405
399.0995	2.1046	1.8407
399.2519	2.0868	1.8409
399.4043	2.0742	1.8411
399.5567	2.0737	1.8413
399.7091	2.1060	1.8414
399.8615	2.1075	1.8416
400.0139	2.1233	1.8418
400.1663	2.1429	1.8420
400.3187	2.1315	1.8422
400.4711	2.1219	1.8424
400.6235	2.1110	1.8426
400.7759	2.1165	1.8427
400.9283	2.0786	1.8429
401.0807	2.0763	1.8431
401.2331	2.1000	1.8433
401.3855	2.1208	1.8435
401.5379	2.1075	1.8437
401.6903	2.1252	1.8439
401.8427	2.1114	1.8441
401.9951	2.1188	1.8442
402.1475	2.1077	1.8444
402.2999	2.0654	1.8446
402.4523	2.0479	1.8448
402.6047	2.0809	1.8450
402.7571	2.0541	1.8452
402.9095	2.0438	1.8454
403.0619	2.0454	1.8455
403.2143	2.0776	1.8457
403.3667	2.0775	1.8459
403.5191	2.0986	1.8461
403.6715	2.1209	1.8463
403.8239	2.1413	1.8465
403.9763	2.1456	1.8467
404.1287	2.1212	1.8469
404.2811	2.1044	1.8470
404.4335	2.1065	1.8472
404.5859	2.1155	1.8474
404.7383	2.0948	1.8476
404.8907	2.0593	1.8478
405.0431	2.0928	1.8480
405.1955	2.1099	1.8482
405.3479	2.1752	1.8484
405.5003	2.1538	1.8485
405.6527	2.1340	1.8487
405.8051	2.1377	1.8489
405.9575	2.1424	1.8491
406.1099	2.1419	1.8493
406.2623	2.1499	1.8495
406.4147	2.1549	1.8497
406.5671	2.1582	1.8499
406.7195	2.1489	1.8500
406.8719	2.1431	1.8502
407.0243	2.1098	1.8504
407.1767	2.0508	1.8506
407.3291	2.0524	1.8508
407.4815	2.0633	1.8510
407.6339	2.0417	1.8512
407.7863	2.0827	1.8514
407.9387	2.0807	1.8516
408.0911	2.0724	1.8517
408.2435	2.0731	1.8519
408.3959	2.0721	1.8521
408.5483	2.0483	1.8523
408.7007	2.0418	1.8525
408.8531	2.0499	1.8527
409.0055	2.0530	1.8529
409.1579	2.1379	1.8531
409.3103	2.1380	1.8533
409.4627	2.0974	1.8534
409.6151	2.0907	1.8536
409.7675	2.0933	1.8538
409.9199	2.0564	1.8540
410.0723	2.0575	1.8542
410.2247	2.0667	1.8544
410.3771	2.0862	1.8546
410.5295	2.0810	1.8548
410.6819	2.0833	1.8550
410.8343	2.0646	1.8551
410.9867	2.0793	1.8553
411.1391	2.0687	1.8555
411.2915	2.0442	1.8557
411.4439	2.0620	1.8559
411.5963	2.0919	1.8561
411.7487	2.0952	1.8563
411.9011	2.0875	1.8565
412.0535	2.0837	1.8567
412.2059	2.1025	1.8569
412.3583	2.0893	1.8570
412.5107	2.0909	1.8572
412.6631	2.0822	1.8574
412.8155	2.0765	1.8576
412.9679	2.0814	1.8578
413.1203	2.0898	1.8580
413.2727	2.0839	1.8582
413.4251	2.0918	1.8584
413.5775	2.0999	1.8586
413.7299	2.0945	1.8588
413.8823	2.0792	1.8590
414.0347	2.0675	1.8591
414.1871	2.0516	1.8593
414.3395	2.0620	1.8595
414.4919	2.0518	1.8597
414.6443	2.1129	1.8599
414.7967	2.1232	1.8601
414.9491	2.0914	1.8603
415.1015	2.0586	1.8605
415.2539	2.0418	1.8607
415.4063	2.0682	1.8609
415.5587	2.0262	1.8611
415.7111	2.0291	1.8612
415.8635	2.0236	1.8614
416.0159	2.0058	1.8616
416.1683	2.0253	1.8618
416.3207	2.0408	1.8620
416.4731	2.0387	1.8622
416.6255	2.0678	1.8624
416.7779	2.0596	1.8626
416.9303	2.0768	1.8628
417.0827	2.0723	1.8630
417.2351	2.0643	1.8632
417.3875	2.0430	1.8634
417.5399	2.0611	1.8636
417.6923	2.0603	1.8637
417.8447	2.0417	1.8639
417.9971	2.0665	1.8641
418.1495	2.0782	1.8643
418.3019	2.0852	1.8645
418.4543	2.0800	1.8647
418.6067	2.0803	1.8649
418.7591	2.0776	1.8651
418.9115	2.0457	1.8653
419.0639	2.0582	1.8655
419.2163	2.0527	1.8657
419.3687	2.0645	1.8659
419.5211	2.0824	1.8661
419.6735	2.0974	1.8662
419.8259	2.0978	1.8664
419.9783	2.1028	1.8666
420.1307	2.0977	1.8668
420.2831	2.1052	1.8670
420.4355	2.0720	1.8672
420.5879	2.0757	1.8674
420.7403	2.0756	1.8676
420.8927	2.0922	1.8678
421.0451	2.0819	1.8680
421.1975	2.0902	1.8682
421.3499	2.0995	1.8684
421.5023	2.1125	1.8686
421.6547	2.1158	1.8688
421.8071	2.1260	1.8690
421.9595	2.1115	1.8691
422.1119	2.1106	1.8693
422.2643	2.1026	1.8695
422.4167	2.0966	1.8697
422.5691	2.0788	1.8699
422.7215	2.0551	1.8701
422.8739	2.0562	1.8703
423.0263	2.0700	1.8705
423.1787	2.0804	1.8707
423.3311	2.0813	1.8709
423.4835	2.0941	1.8711
423.6359	2.1029	1.8713
423.7883	2.1125	1.8715
423.9407	2.1134	1.8717
424.0931	2.1099	1.8719
424.2455	2.1163	1.8721
424.3979	2.1044	1.8723
424.5503	2.0978	1.8725
424.7027	2.0913	1.8726
424.8551	2.0967	1.8728
425.0075	2.0832	1.8730
425.1599	2.0574	1.8732
425.3123	2.0718	1.8734
425.4647	2.0745	1.8736
425.6171	2.0745	1.8738
425.7695	2.0760	1.8740
425.9219	2.0843	1.8742
426.0743	2.0903	1.8744
426.2267	2.0960	1.8746
426.3791	2.0945	1.8748
426.5315	2.0949	1.8750
426.6839	2.0933	1.8752
426.8363	2.0937	1.8754
426.9887	2.1048	1.8756
427.1411	2.0972	1.8758
427.2935	2.0870	1.8760
427.4459	2.1021	1.8762
427.5983	2.0951	1.8764
427.7507	2.0893	1.8766
427.9031	2.0902	1.8768
428.0555	2.0874	1.8769
428.2079	2.0862	1.8771
428.3603	2.0914	1.8773
428.5127	2.1030	1.8775
428.6651	2.0829	1.8777
428.8175	2.0806	1.8779
428.9699	2.0770	1.8781
429.1223	2.0799	1.8783
429.2747	2.0787	1.8785
429.4271	2.0745	1.8787
429.5795	2.0538	1.8789
429.7319	2.0586	1.8791
429.8843	2.0618	1.8793
430.0367	2.0705	1.8795
430.1891	2.0852	1.8797
430.3415	2.0775	1.8799
430.4939	2.1036	1.8801
430.6463	2.1143	1.8803
430.7987	2.0841	1.8805
430.9511	2.0669	1.8807
431.1035	2.0653	1.8809
431.2559	2.1025	1.8811
431.4083	2.1008	1.8813
431.5607	2.1028	1.8815
431.7131	2.0953	1.8817
431.8655	2.0858	1.8819
432.0179	2.0871	1.8821
432.1703	2.0907	1.8823
432.3227	2.0802	1.8825
432.4751	2.0890	1.8827
432.6275	2.0971	1.8829
432.7799	2.1056	1.8831
432.9323	2.1092	1.8833
433.0847	2.1194	1.8835
433.2371	2.1036	1.8837
433.3895	2.1197	1.8838
433.5419	2.1359	1.8840
433.6943	2.1509	1.8842
433.8467	2.1510	1.8844
433.9991	2.1404	1.8846
434.1515	2.1330	1.8848
434.3039	2.1234	1.8850
434.4563	2.1118	1.8852
434.6087	2.0823	1.8854
434.7611	2.1437	1.8856
434.9135	2.1536	1.8858
435.0659	2.1620	1.8860
435.2183	2.1655	1.8862
435.3707	2.1638	1.8864
435.5231	2.1365	1.8866
435.6755	2.1234	1.8868
435.8279	2.1319	1.8870
435.9803	2.1460	1.8872
436.1327	2.1297	1.8874
436.2851	2.1211	1.8876
436.4375	2.1197	1.8878
436.5899	2.1191	1.8880
436.7423	2.0977	1.8882
436.8947	2.0608	1.8884
437.0471	2.0544	1.8886
437.1995	2.0586	1.8888
437.3519	2.0614	1.8890
437.5043	2.0550	1.8892
437.6567	2.0485	1.8894
437.8091	2.0472	1.8896
437.9615	2.0484	1.8898
438.1139	2.0607	1.8900
438.2663	2.0674	1.8902
438.4187	2.0699	1.8904
438.5711	2.0766	1.8906
438.7235	2.0748	1.8908
438.8759	2.0722	1.8910
439.0283	2.0597	1.8912
439.1807	2.0723	1.8914
439.3331	2.0730	1.8916
439.4855	2.0685	1.8918
439.6379	2.0539	1.8920
439.7903	2.0513	1.8922
439.9427	2.0468	1.8924
440.0951	2.0454	1.8926
440.2475	2.0407	1.8928
440.3999	2.0398	1.8930
440.5523	2.0372	1.8932
440.7047	2.0345	1.8934
440.8571	2.0301	1.8936
441.0095	2.0235	1.8938
441.1619	2.0194	1.8940
441.3143	2.0211	1.8942
441.4667	2.0350	1.8944
441.6191	2.0658	1.8946
441.7715	2.0757	1.8948
441.9239	2.0672	1.8950
442.0763	2.0592	1.8952
442.2287	2.0600	1.8954
442.3811	2.0585	1.8956
442.5335	2.0379	1.8958
442.6859	2.0221	1.8960
442.8383	2.0231	1.8962
442.9907	2.0208	1.8964
443.1431	2.0278	1.8966
443.2955	2.0348	1.8968
443.4479	2.0480	1.8970
443.6003	2.0541	1.8972
443.7527	2.0758	1.8975
443.9051	2.0766	1.8977
444.0575	2.0592	1.8979
444.2099	2.0313	1.8981
444.3623	2.0313	1.8983
444.5147	2.0414	1.8985
444.6671	2.0533	1.8987
444.8195	2.0388	1.8989
444.9719	2.0224	1.8991
445.1243	2.0370	1.8993
445.2767	2.0509	1.8995
445.4291	2.0569	1.8997
445.5815	2.0563	1.8999
445.7339	2.0541	1.9001
445.8863	2.0557	1.9003
446.0387	2.0613	1.9005
446.1911	2.0586	1.9007
446.3435	2.0502	1.9009
446.4959	2.0501	1.9011
446.6483	2.0587	1.9013
446.8007	2.0737	1.9015
446.9531	2.0821	1.9017
447.1055	2.0858	1.9019
447.2579	2.0727	1.9021
447.4103	2.0602	1.9023
447.5627	2.0529	1.9025
447.7151	2.0427	1.9027
447.8675	2.0419	1.9029
448.0199	2.0392	1.9031
448.1723	2.0310	1.9033
448.3247	2.0265	1.9035
448.4771	2.0259	1.9037
448.6295	2.0368	1.9039
448.7819	2.0492	1.9041
448.9343	2.0749	1.9044
449.0867	2.0757	1.9046
449.2391	2.0829	1.9048
449.3915	2.0754	1.9050
449.5439	2.0596	1.9052
449.6963	2.0497	1.9054
449.8487	2.0161	1.9056
450.0011	1.9938	1.9058
450.1535	1.9742	1.9060
450.3059	1.9992	1.9062
450.4583	2.0130	1.9064
450.6107	2.0265	1.9066
450.7631	2.0333	1.9068
450.9155	2.0470	1.9070
451.0679	2.0440	1.9072
451.2203	2.0414	1.9074
451.3727	2.0456	1.9076
451.5251	2.0558	1.9078
451.6775	2.0622	1.9080
451.8299	2.0726	1.9082
451.9823	2.0514	1.9084
452.1347	2.0428	1.9086
452.2871	2.0171	1.9089
452.4395	2.0207	1.9091
452.5919	2.0158	1.9093
452.7443	2.0182	1.9095
452.8967	2.0318	1.9097
453.0491	2.0314	1.9099
453.2015	2.0321	1.9101
453.3539	2.0270	1.9103
453.5063	2.0255	1.9105
453.6587	2.0196	1.9107
453.8111	1.9995	1.9109
453.9635	2.0180	1.9111
454.1159	2.0166	1.9113
454.2683	2.0126	1.9115
454.4207	2.0268	1.9117
454.5731	2.0226	1.9119
454.7255	2.0258	1.9121
454.8779	2.0190	1.9123
455.0303	2.0260	1.9126
455.1827	2.0363	1.9128
455.3351	2.0374	1.9130
455.4875	2.0347	1.9132
455.6399	2.0377	1.9134
455.7923	2.0227	1.9136
455.9447	2.0218	1.9138
456.0971	2.0168	1.9140
456.2495	2.0292	1.9142
456.4019	2.0252	1.9144
456.5543	2.0184	1.9146
456.7067	2.0236	1.9148
456.8591	2.0139	1.9150
457.0115	2.0157	1.9152
457.1639	2.0270	1.9154
457.3163	2.0328	1.9157
457.4687	2.0426	1.9159
457.6211	2.0366	1.9161
457.7735	2.0326	1.9163
457.9259	2.0363	1.9165
458.0783	2.0181	1.9167
458.2307	2.0118	1.9169
458.3831	2.0142	1.9171
458.5355	2.0492	1.9173
458.6879	2.0238	1.9175
458.8403	2.0399	1.9177
458.9927	2.0587	1.9179
459.1451	2.0593	1.9181
459.2975	2.0471	1.9183
459.4499	2.0680	1.9186
459.6023	2.0811	1.9188
459.7547	2.1171	1.9190
459.9071	2.1210	1.9192
460.0595	2.1137	1.9194
460.2119	2.1172	1.9196
460.3643	2.1232	1.9198
460.5167	2.1403	1.9200
460.6691	2.1439	1.9202
460.8215	2.1420	1.9204
460.9739	2.1655	1.9206
461.1263	2.1581	1.9208
461.2787	2.1474	1.9211
461.4311	2.1037	1.9213
461.5835	2.0930	1.9215
461.7359	2.0756	1.9217
461.8883	2.0818	1.9219
462.0407	2.0850	1.9221
462.1931	2.0724	1.9223
462.3455	2.0788	1.9225
462.4979	2.1237	1.9227
462.6503	2.0823	1.9229
462.8027	2.0812	1.9231
462.9551	2.0774	1.9233
463.1075	2.1141	1.9236
463.2599	2.1491	1.9238
463.4123	2.1428	1.9240
463.5647	2.1506	1.9242
463.7171	2.1646	1.9244
463.8695	2.1471	1.9246
464.0219	2.1487	1.9248
464.1743	2.1289	1.9250
464.3267	2.1117	1.9252
464.4791	2.1112	1.9254
464.6315	2.1230	1.9257
464.7839	2.1271	1.9259
464.9363	2.1417	1.9261
465.0887	2.1241	1.9263
465.2411	2.1061	1.9265
465.3935	2.0791	1.9267
465.5459	2.0664	1.9269
465.6983	2.0626	1.9271
465.8507	2.0534	1.9273
466.0031	2.1048	1.9275
466.1555	2.0913	1.9278
466.3079	2.0912	1.9280
466.4603	2.0989	1.9282
466.6127	2.1057	1.9284
466.7651	2.1030	1.9286
466.9175	2.1121	1.9288
467.0699	2.1188	1.9290
467.2223	2.1325	1.9292
467.3747	2.0805	1.9294
467.5271	2.0746	1.9296
467.6795	2.0795	1.9299
467.8319	2.0831	1.9301
467.9843	2.0832	1.9303
468.1367	2.0895	1.9305
468.2891	2.0973	1.9307
468.4415	2.0619	1.9309
468.5939	2.1160	1.9311
468.7463	2.0881	1.9313
468.8987	2.1150	1.9315
469.0511	2.1046	1.9318
469.2035	2.1004	1.9320
469.3559	2.1082	1.9322
469.5083	2.0981	1.9324
469.6607	2.1154	1.9326
469.8131	2.1093	1.9328
469.9655	2.1069	1.9330
470.1179	2.1073	1.9332
470.2703	2.1118	1.9335
470.4227	2.1069	1.9337
470.5751	2.1285	1.9339
470.7275	2.1494	1.9341
470.8799	2.1589	1.9343
471.0323	2.1583	1.9345
471.1847	2.1484	1.9347
471.3371	2.1440	1.9349
471.4895	2.1398	1.9351
471.6419	2.1419	1.9354
471.7943	2.1492	1.9356
471.9467	2.1385	1.9358
472.0991	2.1793	1.9360
472.2515	2.1877	1.9362
472.4039	2.1882	1.9364
472.5563	2.1943	1.9366
472.7087	2.1886	1.9368
472.8611	2.1951	1.9371
473.0135	2.1785	1.9373
473.1659	2.1446	1.9375
473.3183	2.1546	1.9377
473.4707	2.1765	1.9379
473.6231	2.1920	1.9381
473.7755	2.1943	1.9383
473.9279	2.2035	1.9386
474.0803	2.1613	1.9388
474.2327	2.1601	1.9390
474.3851	2.1639	1.9392
474.5375	2.1625	1.9394
474.6899	2.1782	1.9396
474.8423	2.1751	1.9398
474.9947	2.1780	1.9400
475.1471	2.1874	1.9403
475.2995	2.1809	1.9405
475.4519	2.1908	1.9407
475.6043	2.2655	1.9409
475.7567	2.2794	1.9411
475.9091	2.2924	1.9413
476.0615	2.2878	1.9415
476.2139	2.3124	1.9418
476.3663	2.3384	1.9420
476.5187	2.3512	1.9422
476.6711	2.3578	1.9424
476.8235	2.2903	1.9426
476.9759	2.2757	1.9428
477.1283	2.2358	1.9430
477.2807	2.1988	1.9433
477.4331	2.1723	1.9435
477.5855	2.1421	1.9437
477.7379	2.1364	1.9439
477.8903	2.1505	1.9441
478.0427	2.1507	1.9443
478.1951	2.1730	1.9445
478.3475	2.1782	1.9448
478.4999	2.1845	1.9450
478.6523	2.1578	1.9452
478.8047	2.1274	1.9454
478.9571	2.1632	1.9456
479.1095	2.1602	1.9458
479.2619	2.2438	1.9460
479.4143	2.3011	1.9463
479.5667	2.3152	1.9465
479.7191	2.3034	1.9467
479.8715	2.3117	1.9469
480.0239	2.3261	1.9471
480.1763	2.3112	1.9473
480.3287	2.2945	1.9476
480.4811	2.3332	1.9478
480.6335	2.3474	1.9480
480.7859	2.3684	1.9482
480.9383	2.3488	1.9484
481.0907	2.2966	1.9486
481.2431	2.2766	1.9489
481.3955	2.2686	1.9491
481.5479	2.2538	1.9493
481.7003	2.2409	1.9495
481.8527	2.2336	1.9497
482.0051	2.2289	1.9499
482.1575	2.2312	1.9501
482.3099	2.2510	1.9504
482.4623	2.2645	1.9506
482.6147	2.2710	1.9508
482.7671	2.2655	1.9510
482.9195	2.2609	1.9512
483.0719	2.2618	1.9514
483.2243	2.2434	1.9517
483.3767	2.2452	1.9519
483.5291	2.2592	1.9521
483.6815	2.2842	1.9523
483.8339	2.2976	1.9525
483.9863	2.2919	1.9527
484.1387	2.2920	1.9530
484.2911	2.2792	1.9532
484.4435	2.2963	1.9534
484.5959	2.2412	1.9536
484.7483	2.2472	1.9538
484.9007	2.2085	1.9540
485.0531	2.2069	1.9543
485.2055	2.2007	1.9545
485.3579	2.1946	1.9547
485.5103	2.2036	1.9549
485.6627	2.2096	1.9551
485.8151	2.2096	1.9554
485.9675	2.2171	1.9556
486.1199	2.2425	1.9558
486.2723	2.2562	1.9560
486.4247	2.3071	1.9562
486.5771	2.2768	1.9564
486.7295	2.2553	1.9567
486.8819	2.2358	1.9569
487.0343	2.2367	1.9571
487.1867	2.2731	1.9573
487.3391	2.2909	1.9575
487.4915	2.3058	1.9578
487.6439	2.3211	1.9580
487.7963	2.3446	1.9582
487.9487	2.3565	1.9584
488.1011	2.3463	1.9586
488.2535	2.2982	1.9588
488.4059	2.2946	1.9591
488.5583	2.2530	1.9593
488.7107	2.2262	1.9595
488.8631	2.2254	1.9597
489.0155	2.2278	1.9599
489.1679	2.2308	1.9602
489.3203	2.2374	1.9604
489.4727	2.2498	1.9606
489.6251	2.2770	1.9608
489.7775	2.2518	1.9610
489.9299	2.2544	1.9613
490.0823	2.2466	1.9615
490.2347	2.2516	1.9617
490.3871	2.2331	1.9619
490.5395	2.2451	1.9621
490.6919	2.2439	1.9623
490.8443	2.2544	1.9626
490.9967	2.2727	1.9628
491.1491	2.3005	1.9630
491.3015	2.3033	1.9632
491.4539	2.2722	1.9634
491.6063	2.2650	1.9637
491.7587	2.2698	1.9639
491.9111	2.2523	1.9641
492.0635	2.2466	1.9643
492.2159	2.2527	1.9645
492.3683	2.2541	1.9648
492.5207	2.2997	1.9650
492.6731	2.3264	1.9652
492.8255	2.3392	1.9654
492.9779	2.3158	1.9656
493.1303	2.3204	1.9659
493.2827	2.3556	1.9661
493.4351	2.3471	1.9663
493.5875	2.3102	1.9665
493.7399	2.3127	1.9667
493.8923	2.3118	1.9670
494.0447	2.3166	1.9672
494.1971	2.3138	1.9674
494.3495	2.3064	1.9676
494.5019	2.2862	1.9678
494.6543	2.2821	1.9681
494.8067	2.2627	1.9683
494.9591	2.2589	1.9685
495.1115	2.2842	1.9687
495.2639	2.2785	1.9690
495.4163	2.2744	1.9692
495.5687	2.2998	1.9694
495.7211	2.2969	1.9696
495.8735	2.2650	1.9698
496.0259	2.2361	1.9701
496.1783	2.2647	1.9703
496.3307	2.3159	1.9705
496.4831	2.3119	1.9707
496.6355	2.3095	1.9709
496.7879	2.3096	1.9712
496.9403	2.3200	1.9714
497.0927	2.3328	1.9716
497.2451	2.3263	1.9718
497.3975	2.3071	1.9721
497.5499	2.3081	1.9723
497.7023	2.2917	1.9725
497.8547	2.2896	1.9727
498.0071	2.2748	1.9729
498.1595	2.2426	1.9732
498.3119	2.2389	1.9734
498.4643	2.2447	1.9736
498.6167	2.2434	1.9738
498.7691	2.2533	1.9741
498.9215	2.2608	1.9743
499.0739	2.2818	1.9745
499.2263	2.2600	1.9747
499.3787	2.2758	1.9749
499.5311	2.2798	1.9752
499.6835	2.2848	1.9754
499.8359	2.3090	1.9756
499.9883	2.3072	1.9758
500.1407	2.3175	1.9761
500.2931	2.2991	1.9763
500.4455	2.3051	1.9765
500.5979	2.3037	1.9767
500.7503	2.3180	1.9770
500.9027	2.3144	1.9772
501.0551	2.3184	1.9774
501.2075	2.3083	1.9776
501.3599	2.3507	1.9778
501.5123	2.3744	1.9781
501.6647	2.4646	1.9783
501.8171	2.4011	1.9785
501.9695	2.3771	1.9787
502.1219	2.2755	1.9790
502.2743	2.2764	1.9792
502.4267	2.2856	1.9794
502.5791	2.2914	1.9796
502.7315	2.2935	1.9799
502.8839	2.2994	1.9801
503.0363	2.3026	1.9803
503.1887	2.3009	1.9805
503.3411	2.3103	1.9808
503.4935	2.3115	1.9810
503.6459	2.3250	1.9812
503.7983	2.3241	1.9814
503.9507	2.3282	1.9817
504.1031	2.3358	1.9819
504.2555	2.3394	1.9821
504.4079	2.3588	1.9823
504.5603	2.3673	1.9825
504.7127	2.3630	1.9828
504.8651	2.3215	1.9830
505.0175	2.2923	1.9832
505.1699	2.2681	1.9834
505.3223	2.2872	1.9837
505.4747	2.3078	1.9839
505.6271	2.3212	1.9841
505.7795	2.3300	1.9843
505.9319	2.3259	1.9846
506.0843	2.3238	1.9848
506.2367	2.3311	1.9850
506.3891	2.2916	1.9852
506.5415	2.2806	1.9855
506.6939	2.2749	1.9857
506.8463	2.2872	1.9859
506.9987	2.2693	1.9861
507.1511	2.2826	1.9864
507.3035	2.2608	1.9866
507.4559	2.2581	1.9868
507.6083	2.2478	1.9871
507.7607	2.2370	1.9873
507.9131	2.2697	1.9875
508.0655	2.2804	1.9877
508.2179	2.3163	1.9880
508.3703	2.3377	1.9882
508.5227	2.3317	1.9884
508.6751	2.3089	1.9886
508.8275	2.2793	1.9889
508.9799	2.2910	1.9891
509.1323	2.3084	1.9893
509.2847	2.3264	1.9895
509.4371	2.3351	1.9898
509.5895	2.3608	1.9900
509.7419	2.3703	1.9902
509.8943	2.3715	1.9904
510.0467	2.3584	1.9907
510.1991	2.3383	1.9909
510.3515	2.3158	1.9911
510.5039	2.3126	1.9914
510.6563	2.3060	1.9916
510.8087	2.2916	1.9918
510.9611	2.2858	1.9920
511.1135	2.2653	1.9923
511.2659	2.2456	1.9925
511.4183	2.2535	1.9927
511.5707	2.2593	1.9929
511.7231	2.2761	1.9932
511.8755	2.2807	1.9934
512.0279	2.2846	1.9936
512.1803	2.3121	1.9938
512.3327	2.3042	1.9941
512.4851	2.3049	1.9943
512.6375	2.3065	1.9945
512.7899	2.3089	1.9948
512.9423	2.3041	1.9950
513.0947	2.3086	1.9952
513.2471	2.3253	1.9954
513.3995	2.3118	1.9957
513.5519	2.3125	1.9959
513.7043	2.3123	1.9961
513.8567	2.2972	1.9964
514.0091	2.2362	1.9966
514.1615	2.2557	1.9968
514.3139	2.2551	1.9970
514.4663	2.2345	1.9973
514.6187	2.2619	1.9975
514.7711	2.2621	1.9977
514.9235	2.2742	1.9980
515.0759	2.2935	1.9982
515.2283	2.2775	1.9984
515.3807	2.3078	1.9986
515.5331	2.3055	1.9989
515.6855	2.2815	1.9991
515.8379	2.2966	1.9993
515.9903	2.3131	1.9996
516.1427	2.3721	1.9998
516.2951	2.3773	2.0000
516.4475	2.4025	2.0002
516.5999	2.4513	2.0005
516.7523	2.4195	2.0007
516.9047	2.4240	2.0009
517.0571	2.3901	2.0012
517.2095	2.4026	2.0014
517.3619	2.4102	2.0016
517.5143	2.4477	2.0018
517.6667	2.4324	2.0021
517.8191	2.3913	2.0023
517.9715	2.3839	2.0025
518.1239	2.3781	2.0028
518.2763	2.3728	2.0030
518.4287	2.3643	2.0032
518.5811	2.3545	2.0035
518.7335	2.3180	2.0037
518.8859	2.3274	2.0039
519.0383	2.3651	2.0041
519.1907	2.3558	2.0044
519.3431	2.3490	2.0046
519.4955	2.3343	2.0048
519.6479	2.3635	2.0051
519.8003	2.3836	2.0053
519.9527	2.3919	2.0055
520.1051	2.3681	2.0058
520.2575	2.3526	2.0060
520.4099	2.3494	2.0062
520.5623	2.3371	2.0064
520.7147	2.3365	2.0067
520.8671	2.3407	2.0069
521.0195	2.3767	2.0071
521.1719	2.3736	2.0074
521.3243	2.3682	2.0076
521.4767	2.3432	2.0078
521.6291	2.3377	2.0081
521.7815	2.3395	2.0083
521.9339	2.3323	2.0085
522.0863	2.3145	2.0088
522.2387	2.2956	2.0090
522.3911	2.2454	2.0092
522.5435	2.2344	2.0094
522.6959	2.2340	2.0097
522.8483	2.2207	2.0099
523.0007	2.2570	2.0101
523.1531	2.2608	2.0104
523.3055	2.2981	2.0106
523.4579	2.3173	2.0108
523.6103	2.3363	2.0111
523.7627	2.3391	2.0113
523.9151	2.3432	2.0115
524.0675	2.3621	2.0118
524.2199	2.3532	2.0120
524.3723	2.3271	2.0122
524.5247	2.3389	2.0125
524.6771	2.3402	2.0127
524.8295	2.3337	2.0129
524.9819	2.3301	2.0132
525.1343	2.3274	2.0134
525.2867	2.3204	2.0136
525.4391	2.3184	2.0138
525.5915	2.3026	2.0141
525.7439	2.3220	2.0143
525.8963	2.3557	2.0145
526.0487	2.3995	2.0148
526.2011	2.4112	2.0150
526.3535	2.4199	2.0152
526.5059	2.4277	2.0155
526.6583	2.4321	2.0157
526.8107	2.4230	2.0159
526.9631	2.4144	2.0162
527.1155	2.3987	2.0164
527.2679	2.3980	2.0166
527.4203	2.4057	2.0169
527.5727	2.3985	2.0171
527.7251	2.3911	2.0173
527.8775	2.4148	2.0176
528.0299	2.4196	2.0178
528.1823	2.4305	2.0180
528.3347	2.4223	2.0183
528.4871	2.4435	2.0185
528.6395	2.4237	2.0187
528.7919	2.4282	2.0190
528.9443	2.4539	2.0192
529.0967	2.4477	2.0194
529.2491	2.4562	2.0197
529.4015	2.4373	2.0199
529.5539	2.4225	2.0201
529.7063	2.4049	2.0204
529.8587	2.3828	2.0206
530.0111	2.3709	2.0208
530.1635	2.3698	2.0211
530.3159	2.3790	2.0213
530.4683	2.4171	2.0215
530.6207	2.4160	2.0218
530.7731	2.4346	2.0220
530.9255	2.4388	2.0222
531.0779	2.4371	2.0225
531.2303	2.4661	2.0227
531.3827	2.4680	2.0230
531.5351	2.4918	2.0232
531.6875	2.5379	2.0234
531.8399	2.5353	2.0237
531.9923	2.5441	2.0239
532.1447	2.5411	2.0241
532.2971	2.5306	2.0244
532.4495	2.4902	2.0246
532.6019	2.5017	2.0248
532.7543	2.4982	2.0251
532.9067	2.4911	2.0253
533.0591	2.4908	2.0255
533.2115	2.5038	2.0258
533.3639	2.5162	2.0260
533.5163	2.5290	2.0262
533.6687	2.4973	2.0265
533.8211	2.4999	2.0267
533.9735	2.4978	2.0269
534.1259	2.5023	2.0272
534.2783	2.5389	2.0274
534.4307	2.5496	2.0277
534.5831	2.5472	2.0279
534.7355	2.5537	2.0281
534.8879	2.5400	2.0284
535.0403	2.5350	2.0286
535.1927	2.4915	2.0288
535.3451	2.5297	2.0291
535.4975	2.5082	2.0293
535.6499	2.5467	2.0295
535.8023	2.5486	2.0298
535.9547	2.5421	2.0300
536.1071	2.5349	2.0303
536.2595	2.5210	2.0305
536.4119	2.5186	2.0307
536.5643	2.5361	2.0310
536.7167	2.5395	2.0312
536.8691	2.5347	2.0314
537.0215	2.5314	2.0317
537.1739	2.5385	2.0319
537.3263	2.5408	2.0321
537.4787	2.5396	2.0324
537.6311	2.5421	2.0326
537.7835	2.5403	2.0329
537.9359	2.5396	2.0331
538.0883	2.5391	2.0333
538.2407	2.5303	2.0336
538.3931	2.5216	2.0338
538.5455	2.5229	2.0340
538.6979	2.5021	2.0343
538.8503	2.4591	2.0345
539.0027	2.4593	2.0348
539.1551	2.4371	2.0350
539.3075	2.4455	2.0352
539.4599	2.4633	2.0355
539.6123	2.4651	2.0357
539.7647	2.5010	2.0359
539.9171	2.5231	2.0362
540.0695	2.5283	2.0364
540.2219	2.5143	2.0367
540.3743	2.5267	2.0369
540.5267	2.5299	2.0371
540.6791	2.5301	2.0374
540.8315	2.5314	2.0376
540.9839	2.5259	2.0378
541.1363	2.5016	2.0381
541.2887	2.5007	2.0383
541.4411	2.5009	2.0386
541.5935	2.5214	2.0388
541.7459	2.4866	2.0390
541.8983	2.4311	2.0393
542.0507	2.4259	2.0395
542.2031	2.4093	2.0397
542.3555	2.4078	2.0400
542.5079	2.3776	2.0402
542.6603	2.3866	2.0405
542.8127	2.4004	2.0407
542.9651	2.4006	2.0409
543.1175	2.3880	2.0412
543.2699	2.3875	2.0414
543.4223	2.3905	2.0417
543.5747	2.4006	2.0419
543.7271	2.4008	2.0421
543.8795	2.4016	2.0424
544.0319	2.3971	2.0426
544.1843	2.3974	2.0429
544.3367	2.4024	2.0431
544.4891	2.3977	2.0433
544.6415	2.3673	2.0436
544.7939	2.3379	2.0438
544.9463	2.3252	2.0441
545.0987	2.3292	2.0443
545.2511	2.3523	2.0445
545.4035	2.3431	2.0448
545.5559	2.3890	2.0450
545.7083	2.3964	2.0453
545.8607	2.4194	2.0455
546.0131	2.4143	2.0457
546.1655	2.4099	2.0460
546.3179	2.3986	2.0462
546.4703	2.3921	2.0465
546.6227	2.3904	2.0467
546.7751	2.3736	2.0469
546.9275	2.3805	2.0472
547.0799	2.3982	2.0474
547.2323	2.4245	2.0477
547.3847	2.4007	2.0479
547.5371	2.4240	2.0481
547.6895	2.4066	2.0484
547.8419	2.3881	2.0486
547.9943	2.3838	2.0489
548.1467	2.3885	2.0491
548.2991	2.3851	2.0493
548.4515	2.3836	2.0496
548.6039	2.3882	2.0498
548.7563	2.3853	2.0501
548.9087	2.3952	2.0503
549.0611	2.3883	2.0505
549.2135	2.3812	2.0508
549.3659	2.3798	2.0510
549.5183	2.3819	2.0513
549.6707	2.3861	2.0515
549.8231	2.3925	2.0517
549.9755	2.3889	2.0520
550.1279	2.3908	2.0522
550.2803	2.3909	2.0525
550.4327	2.3817	2.0527
550.5851	2.3731	2.0530
550.7375	2.3909	2.0532
550.8899	2.3991	2.0534
551.0423	2.4119	2.0537
551.1947	2.3831	2.0539
551.3471	2.3985	2.0542
551.4995	2.3682	2.0544
551.6519	2.3564	2.0547
551.8043	2.3522	2.0549
551.9567	2.3549	2.0551
552.1091	2.3622	2.0554
552.2615	2.3626	2.0556
552.4139	2.3692	2.0559
552.5663	2.3762	2.0561
552.7187	2.3908	2.0563
552.8711	2.4134	2.0566
553.0235	2.4094	2.0568
553.1759	2.4204	2.0571
553.3283	2.4146	2.0573
553.4807	2.4071	2.0576
553.6331	2.4108	2.0578
553.7855	2.4099	2.0580
553.9379	2.4187	2.0583
554.0903	2.4210	2.0585
554.2427	2.4194	2.0588
554.3951	2.4217	2.0590
554.5475	2.4284	2.0593
554.6999	2.4332	2.0595
554.8523	2.4269	2.0597
555.0047	2.4201	2.0600
555.1571	2.4161	2.0602
555.3095	2.4139	2.0605
555.4619	2.4187	2.0607
555.6143	2.4281	2.0610
555.7667	2.4346	2.0612
555.9191	2.4364	2.0615
556.0715	2.4572	2.0617
556.2239	2.4610	2.0619
556.3763	2.4451	2.0622
556.5287	2.4291	2.0624
556.6811	2.4238	2.0627
556.8335	2.4246	2.0629
556.9859	2.4200	2.0632
557.1383	2.4133	2.0634
557.2907	2.4266	2.0636
557.4431	2.4317	2.0639
557.5955	2.4371	2.0641
557.7479	2.4511	2.0644
557.9003	2.4523	2.0646
558.0527	2.4515	2.0649
558.2051	2.4295	2.0651
558.3575	2.4155	2.0654
558.5099	2.4067	2.0656
558.6623	2.4102	2.0658
558.8147	2.4070	2.0661
558.9671	2.4015	2.0663
559.1195	2.4040	2.0666
559.2719	2.3949	2.0668
559.4243	2.3834	2.0671
559.5767	2.3947	2.0673
559.7291	2.4233	2.0676
559.8815	2.4357	2.0678
560.0339	2.4170	2.0681
560.1863	2.4160	2.0683
560.3387	2.4117	2.0685
560.4911	2.4104	2.0688
560.6435	2.4183	2.0690
560.7959	2.4168	2.0693
560.9483	2.4160	2.0695
561.1007	2.4073	2.0698
561.2531	2.4028	2.0700
561.4055	2.4097	2.0703
561.5579	2.4139	2.0705
561.7103	2.3976	2.0708
561.8627	2.3889	2.0710
562.0151	2.3800	2.0712
562.1675	2.3930	2.0715
562.3199	2.4348	2.0717
562.4723	2.4488	2.0720
562.6247	2.4597	2.0722
562.7771	2.4873	2.0725
562.9295	2.4988	2.0727
563.0819	2.4929	2.0730
563.2343	2.4920	2.0732
563.3867	2.4895	2.0735
563.5391	2.4827	2.0737
563.6915	2.4452	2.0740
563.8439	2.4361	2.0742
563.9963	2.4396	2.0744
564.1487	2.4377	2.0747
564.3011	2.4416	2.0749
564.4535	2.4485	2.0752
564.6059	2.4517	2.0754
564.7583	2.4734	2.0757
564.9107	2.4770	2.0759
565.0631	2.4947	2.0762
565.2155	2.5256	2.0764
565.3679	2.5154	2.0767
565.5203	2.4716	2.0769
565.6727	2.4497	2.0772
565.8251	2.4473	2.0774
565.9775	2.4391	2.0777
566.1299	2.4360	2.0779
566.2823	2.4154	2.0782
566.4347	2.4182	2.0784
566.5871	2.4163	2.0786
566.7395	2.4155	2.0789
566.8919	2.4170	2.0791
567.0443	2.4174	2.0794
567.1967	2.4172	2.0796
567.3491	2.4136	2.0799
567.5015	2.4150	2.0801
567.6539	2.4263	2.0804
567.8063	2.4431	2.0806
567.9587	2.4620	2.0809
568.1111	2.4573	2.0811
568.2635	2.4715	2.0814
568.4159	2.4848	2.0816
568.5683	2.4989	2.0819
568.7207	2.5046	2.0821
568.8731	2.4955	2.0824
569.0255	2.4901	2.0826
569.1779	2.4591	2.0829
569.3303	2.4375	2.0831
569.4827	2.4343	2.0834
569.6351	2.4351	2.0836
569.7875	2.4289	2.0839
569.9399	2.4268	2.0841
570.0923	2.4310	2.0844
570.2447	2.4457	2.0846
570.3971	2.4560	2.0849
570.5495	2.4594	2.0851
570.7019	2.4527	2.0854
570.8543	2.4466	2.0856
571.0067	2.4230	2.0859
571.1591	2.4238	2.0861
571.3115	2.4212	2.0864
571.4639	2.4271	2.0866
571.6163	2.4342	2.0869
571.7687	2.4354	2.0871
571.9211	2.4380	2.0873
572.0735	2.4524	2.0876
572.2259	2.4766	2.0878
572.3783	2.4765	2.0881
572.5307	2.4612	2.0883
572.6831	2.4600	2.0886
572.8355	2.4570	2.0888
572.9879	2.4638	2.0891
573.1403	2.4603	2.0893
573.2927	2.4475	2.0896
573.4451	2.4309	2.0898
573.5975	2.4234	2.0901
573.7499	2.4398	2.0903
573.9023	2.4403	2.0906
574.0547	2.4446	2.0909
574.2071	2.4354	2.0911
574.3595	2.4302	2.0914
574.5119	2.4309	2.0916
574.6643	2.4401	2.0919
574.8167	2.4403	2.0921
574.9691	2.4376	2.0924
575.1215	2.4206	2.0926
575.2739	2.4074	2.0929
575.4263	2.3917	2.0931
575.5787	2.3837	2.0934
575.7311	2.3807	2.0936
575.8835	2.4145	2.0939
576.0359	2.4320	2.0941
576.1883	2.4392	2.0944
576.3407	2.4411	2.0946
576.4931	2.4308	2.0949
576.6455	2.4360	2.0951
576.7979	2.4357	2.0954
576.9503	2.4057	2.0956
577.1027	2.4200	2.0959
577.2551	2.4123	2.0961
577.4075	2.4102	2.0964
577.5599	2.4101	2.0966
577.7123	2.4152	2.0969
577.8647	2.4118	2.0971
578.0171	2.4265	2.0974
578.1695	2.4038	2.0976
578.3219	2.4015	2.0979
578.4743	2.3885	2.0981
578.6267	2.4159	2.0984
578.7791	2.4258	2.0986
578.9315	2.4296	2.0989
579.0839	2.4345	2.0991
579.2363	2.4373	2.0994
579.3887	2.4334	2.0996
579.5411	2.4335	2.0999
579.6935	2.3953	2.1002
579.8459	2.3532	2.1004
579.9983	2.3430	2.1007
580.1507	2.3209	2.1009
580.3031	2.3517	2.1012
580.4555	2.3647	2.1014
580.6079	2.3651	2.1017
580.7603	2.3543	2.1019
580.9127	2.3769	2.1022
581.0651	2.3802	2.1024
581.2175	2.3660	2.1027
581.3699	2.3109	2.1029
581.5223	2.2837	2.1032
581.6747	2.2698	2.1034
581.8271	2.2692	2.1037
581.9795	2.2865	2.1039
582.1319	2.3188	2.1042
582.2843	2.3433	2.1045
582.4367	2.3748	2.1047
582.5891	2.3766	2.1050
582.7415	2.4110	2.1052
582.8939	2.4028	2.1055
583.0463	2.3800	2.1057
583.1987	2.3496	2.1060
583.3511	2.3263	2.1062
583.5035	2.3173	2.1065
583.6559	2.2781	2.1067
583.8083	2.2805	2.1070
583.9607	2.3246	2.1072
584.1131	2.3557	2.1075
584.2655	2.3777	2.1078
584.4179	2.3986	2.1080
584.5703	2.4019	2.1083
584.7227	2.4104	2.1085
584.8751	2.4232	2.1088
585.0275	2.4358	2.1090
585.1799	2.4170	2.1093
585.3323	2.4079	2.1095
585.4847	2.4026	2.1098
585.6371	2.3731	2.1100
585.7895	2.3325	2.1103
585.9419	2.3058	2.1106
586.0943	2.2908	2.1108
586.2467	2.2929	2.1111
586.3991	2.3022	2.1113
586.5515	2.3629	2.1116
586.7039	2.3698	2.1118
586.8563	2.3712	2.1121
587.0087	2.3870	2.1123
587.1611	2.4180	2.1126
587.3135	2.4345	2.1129
587.4659	2.4494	2.1131
587.6183	2.4562	2.1134
587.7707	2.4534	2.1136
587.9231	2.4616	2.1139
588.0755	2.4646	2.1141
588.2279	2.4320	2.1144
588.3803	2.4296	2.1146
588.5327	2.4264	2.1149
588.6851	2.4151	2.1152
588.8375	2.4277	2.1154
588.9899	2.4263	2.1157
589.1423	2.4274	2.1159
589.2947	2.4046	2.1162
589.4471	2.3866	2.1164
589.5995	2.3657	2.1167
589.7519	2.3475	2.1169
589.9043	2.3470	2.1172
590.0567	2.3487	2.1175
590.2091	2.3572	2.1177
590.3615	2.3627	2.1180
590.5139	2.4046	2.1182
590.6663	2.3627	2.1185
590.8187	2.3522	2.1187
590.9711	2.3666	2.1190
591.1235	2.4244	2.1193
591.2759	2.4316	2.1195
591.4283	2.4176	2.1198
591.5807	2.4117	2.1200
591.7331	2.3877	2.1203
591.8855	2.4115	2.1205
592.0379	2.4138	2.1208
592.1903	2.4070	2.1211
592.3427	2.3724	2.1213
592.4951	2.3790	2.1216
592.6475	2.3711	2.1218
592.7999	2.3609	2.1221
592.9523	2.2895	2.1223
593.1047	2.2362	2.1226
593.2571	2.2159	2.1229
593.4095	2.1869	2.1231
593.5619	2.1616	2.1234
593.7143	2.1613	2.1236
593.8667	2.1408	2.1239
594.0191	2.1636	2.1241
594.1715	2.2173	2.1244
594.3239	2.2276	2.1247
594.4763	2.2530	2.1249
594.6287	2.2698	2.1252
594.7811	2.2742	2.1254
594.9335	2.2941	2.1257
595.0859	2.2640	2.1259
595.2383	2.2162	2.1262
595.3907	2.2039	2.1265
595.5431	2.1836	2.1267
595.6955	2.1855	2.1270
595.8479	2.1768	2.1272
596.0003	2.1936	2.1275
596.1527	2.2420	2.1278
596.3051	2.3103	2.1280
596.4575	2.3966	2.1283
596.6099	2.4018	2.1285
596.7623	2.3932	2.1288
596.9147	2.3755	2.1291
597.0671	2.3506	2.1293
597.2195	2.3415	2.1296
597.3719	2.3243	2.1298
597.5243	2.2993	2.1301
597.6767	2.2768	2.1303
597.8291	2.2844	2.1306
597.9815	2.2532	2.1309
598.1339	2.2691	2.1311
598.2863	2.2789	2.1314
598.4387	2.3366	2.1316
598.5911	2.3371	2.1319
598.7435	2.3393	2.1322
598.8959	2.2765	2.1324
599.0483	2.2698	2.1327
599.2007	2.2994	2.1329
599.3531	2.3038	2.1332
599.5055	2.2977	2.1335
599.6579	2.3365	2.1337
599.8103	2.3907	2.1340
599.9627	2.4633	2.1342
600.1151	2.4671	2.1345
600.2675	2.4527	2.1348
600.4199	2.4440	2.1350
600.5723	2.3963	2.1353
600.7247	2.3363	2.1355
600.8771	2.2918	2.1358
601.0295	2.1489	2.1361
601.1819	2.1471	2.1363
601.3343	2.1507	2.1366
601.4867	2.2442	2.1368
601.6391	2.2777	2.1371
601.7915	2.2956	2.1374
601.9439	2.2997	2.1376
602.0963	2.3412	2.1379
602.2487	2.2917	2.1381
602.4011	2.2970	2.1384
602.5535	2.2960	2.1387
602.7059	2.2803	2.1389
602.8583	2.2701	2.1392
603.0107	2.2725	2.1395
603.1631	2.3122	2.1397
603.3155	2.2957	2.1400
603.4679	2.3404	2.1402
603.6203	2.3394	2.1405
603.7727	2.3630	2.1408
603.9251	2.3056	2.1410
604.0775	2.3164	2.1413
604.2299	2.3258	2.1415
604.3823	2.3513	2.1418
604.5347	2.3400	2.1421
604.6871	2.3538	2.1423
604.8395	2.3184	2.1426
604.9919	2.3083	2.1429
605.1443	2.3132	2.1431
605.2967	2.3113	2.1434
605.4491	2.3098	2.1436
605.6015	2.2930	2.1439
605.7539	2.2736	2.1442
605.9063	2.2803	2.1444
606.0587	2.2301	2.1447
606.2111	2.1876	2.1450
606.3635	2.1473	2.1452
606.5159	2.1766	2.1455
606.6683	2.1730	2.1457
606.8207	2.2244	2.1460
606.9731	2.2399	2.1463
607.1255	2.2302	2.1465
607.2779	2.2298	2.1468
607.4303	2.2254	2.1471
607.5827	2.2231	2.1473
607.7351	2.2951	2.1476
607.8875	2.2784	2.1478
608.0399	2.2696	2.1481
608.1923	2.2664	2.1484
608.3447	2.2625	2.1486
608.4971	2.2535	2.1489
608.6495	2.2772	2.1492
608.8019	2.2879	2.1494
608.9543	2.3052	2.1497
609.1067	2.3180	2.1499
609.2591	2.3296	2.1502
609.4115	2.2966	2.1505
609.5639	2.3237	2.1507
609.7163	2.3399	2.1510
609.8687	2.4050	2.1513
610.0211	2.3686	2.1515
610.1735	2.4186	2.1518
610.3259	2.3806	2.1521
610.4783	2.3829	2.1523
610.6307	2.4024	2.1526
610.7831	2.4260	2.1528
610.9355	2.2513	2.1531
611.0879	2.2527	2.1534
611.2403	2.2513	2.1536
611.3927	2.2438	2.1539
611.5451	2.2706	2.1542
611.6975	2.3320	2.1544
611.8499	2.3684	2.1547
612.0023	2.3763	2.1550
612.1547	2.4145	2.1552
612.3071	2.4256	2.1555
612.4595	2.4583	2.1558
612.6119	2.4364	2.1560
612.7643	2.4411	2.1563
612.9167	2.4497	2.1566
613.0691	2.4424	2.1568
613.2215	2.4362	2.1571
613.3739	2.4285	2.1573
613.5263	2.4381	2.1576
613.6787	2.4478	2.1579
613.8311	2.4497	2.1581
613.9835	2.4127	2.1584
614.1359	2.3842	2.1587
614.2883	2.4287	2.1589
614.4407	2.4158	2.1592
614.5931	2.3988	2.1595
614.7455	2.4033	2.1597
614.8979	2.4308	2.1600
615.0503	2.3873	2.1603
615.2027	2.3281	2.1605
615.3551	2.3111	2.1608
615.5075	2.3289	2.1611
615.6599	2.3560	2.1613
615.8123	2.3733	2.1616
615.9647	2.3864	2.1619
616.1171	2.3892	2.1621
616.2695	2.3625	2.1624
616.4219	2.3544	2.1627
616.5743	2.3856	2.1629
616.7267	2.4149	2.1632
616.8791	2.4985	2.1635
617.0315	2.4833	2.1637
617.1839	2.4906	2.1640
617.3363	2.4955	2.1643
617.4887	2.4963	2.1645
617.6411	2.5067	2.1648
617.7935	2.4714	2.1651
617.9459	2.4372	2.1653
618.0983	2.4308	2.1656
618.2507	2.4840	2.1659
618.4031	2.5245	2.1661
618.5555	2.4632	2.1664
618.7079	2.4010	2.1667
618.8603	2.3079	2.1669
619.0127	2.3233	2.1672
619.1651	2.2839	2.1675
619.3175	2.2856	2.1677
619.4699	2.2969	2.1680
619.6223	2.3123	2.1683
619.7747	2.3517	2.1685
619.9271	2.3642	2.1688
620.0795	2.3736	2.1691
620.2319	2.4469	2.1693
620.3843	2.4788	2.1696
620.5367	2.5960	2.1699
620.6891	2.6497	2.1701
620.8415	2.6280	2.1704
620.9939	2.6219	2.1707
621.1463	2.5972	2.1709
621.2987	2.5746	2.1712
621.4511	2.3978	2.1715
621.6035	2.2717	2.1717
621.7559	2.2551	2.1720
621.9083	2.3209	2.1723
622.0607	2.2933	2.1725
622.2131	2.2360	2.1728
622.3655	2.2366	2.1731
622.5179	2.2546	2.1734
622.6703	2.2663	2.1736
622.8227	2.2746	2.1739
622.9751	2.2582	2.1742
623.1275	2.2785	2.1744
623.2799	2.2720	2.1747
623.4323	2.2703	2.1750
623.5847	2.2715	2.1752
623.7371	2.2598	2.1755
623.8895	2.2890	2.1758
624.0419	2.3266	2.1760
624.1943	2.4056	2.1763
624.3467	2.5155	2.1766
624.4991	2.5311	2.1768
624.6515	2.4660	2.1771
624.8039	2.4518	2.1774
624.9563	2.4092	2.1777
625.1087	2.3654	2.1779
625.2611	2.3341	2.1782
625.4135	2.4201	2.1785
625.5659	2.4259	2.1787
625.7183	2.4210	2.1790
625.8707	2.3771	2.1793
626.0231	2.3238	2.1795
626.1755	2.3647	2.1798
626.3279	2.3245	2.1801
626.4803	2.3352	2.1803
626.6327	2.3877	2.1806
626.7851	2.3980	2.1809
626.9375	2.4137	2.1812
627.0899	2.4580	2.1814
627.2423	2.4927	2.1817
627.3947	2.4650	2.1820
627.5471	2.4622	2.1822
627.6995	2.4418	2.1825
627.8519	2.3645	2.1828
628.0043	2.3277	2.1831
628.1567	2.2965	2.1833
628.3091	2.2412	2.1836
628.4615	2.2217	2.1839
628.6139	2.2167	2.1841
628.7663	2.2407	2.1844
628.9187	2.2681	2.1847
629.0711	2.2986	2.1849
629.2235	2.3531	2.1852
629.3759	2.3574	2.1855
629.5283	2.3753	2.1858
629.6807	2.3796	2.1860
629.8331	2.3944	2.1863
629.9855	2.4451	2.1866
630.1379	2.4179	2.1868
630.2903	2.4192	2.1871
630.4427	2.3872	2.1874
630.5951	2.3655	2.1877
630.7475	2.3287	2.1879
630.8999	2.3058	2.1882
631.0523	2.3169	2.1885
631.2047	2.3330	2.1887
631.3571	2.2826	2.1890
631.5095	2.2490	2.1893
631.6619	2.2831	2.1896
631.8143	2.3419	2.1898
631.9667	2.3932	2.1901
632.1191	2.4018	2.1904
632.2715	2.4034	2.1906
632.4239	2.4559	2.1909
632.5763	2.4716	2.1912
632.7287	2.5432	2.1915
632.8811	2.6425	2.1917
633.0335	2.6297	2.1920
633.1859	2.5933	2.1923
633.3383	2.6100	2.1926
633.4907	2.4898	2.1928
633.6431	2.5500	2.1931
633.7955	2.5501	2.1934
633.9479	2.5469	2.1936
634.1003	2.5954	2.1939
634.2527	2.5907	2.1942
634.4051	2.5835	2.1945
634.5575	2.5778	2.1947
634.7099	2.6230	2.1950
634.8623	2.6961	2.1953
635.0147	2.6201	2.1956
635.1671	2.4806	2.1958
635.3195	2.4239	2.1961
635.4719	2.4580	2.1964
635.6243	2.5140	2.1966
635.7767	2.4732	2.1969
635.9291	2.4693	2.1972
636.0815	2.5320	2.1975
636.2339	2.5370	2.1977
636.3863	2.5398	2.1980
636.5387	2.4644	2.1983
636.6911	2.4827	2.1986
636.8435	2.4356	2.1988
636.9959	2.4018	2.1991
637.1483	2.4684	2.1994
637.3007	2.4986	2.1997
637.4531	2.5109	2.1999
637.6055	2.4711	2.2002
637.7579	2.4839	2.2005
637.9103	2.5118	2.2008
638.0627	2.5390	2.2010
638.2151	2.6286	2.2013
638.3675	2.6923	2.2016
638.5199	2.7077	2.2018
638.6723	2.7098	2.2021
638.8247	2.6462	2.2024
638.9771	2.5749	2.2027
639.1295	2.5521	2.2029
639.2819	2.5584	2.2032
639.4343	2.5387	2.2035
639.5867	2.5319	2.2038
639.7391	2.5333	2.2040
639.8915	2.5390	2.2043
640.0439	2.5346	2.2046
640.1963	2.5254	2.2049
640.3487	2.5150	2.2051
640.5011	2.5374	2.2054
640.6535	2.4926	2.2057
640.8059	2.5336	2.2060
640.9583	2.6111	2.2062
641.1107	2.5877	2.2065
641.2631	2.5898	2.2068
641.4155	2.5372	2.2071
641.5679	2.5043	2.2073
641.7203	2.4992	2.2076
641.8727	2.5356	2.2079
642.0251	2.5854	2.2082
642.1775	2.5439	2.2085
642.3299	2.5312	2.2087
642.4823	2.5130	2.2090
642.6347	2.4826	2.2093
642.7871	2.4741	2.2096
642.9395	2.4735	2.2098
643.0919	2.4486	2.2101
643.2443	2.4501	2.2104
643.3967	2.4648	2.2107
643.5491	2.4891	2.2109
643.7015	2.4211	2.2112
643.8539	2.3991	2.2115
644.0063	2.4068	2.2118
644.1587	2.4055	2.2120
644.3111	2.4166	2.2123
644.4635	2.4339	2.2126
644.6159	2.4929	2.2129
644.7683	2.5566	2.2131
644.9207	2.5761	2.2134
645.0731	2.5867	2.2137
645.2255	2.5840	2.2140
645.3779	2.6328	2.2143
645.5303	2.5990	2.2145
645.6827	2.6246	2.2148
645.8351	2.6300	2.2151
645.9875	2.5500	2.2154
646.1399	2.4962	2.2156
646.2923	2.4509	2.2159
646.4447	2.4474	2.2162
646.5971	2.5324	2.2165
646.7495	2.5363	2.2167
646.9019	2.5178	2.2170
647.0543	2.5351	2.2173
647.2067	2.5291	2.2176
647.3591	2.5608	2.2179
647.5115	2.5170	2.2181
647.6639	2.5299	2.2184
647.8163	2.4768	2.2187
647.9687	2.4400	2.2190
648.1211	2.4530	2.2192
648.2735	2.4606	2.2195
648.4259	2.4771	2.2198
648.5783	2.4494	2.2201
648.7307	2.6163	2.2204
648.8831	2.6410	2.2206
649.0355	2.7249	2.2209
649.1879	2.8006	2.2212
649.3403	2.6588	2.2215
649.4927	2.6689	2.2218
649.6451	2.6088	2.2220
649.7975	2.5546	2.2223
649.9499	2.5929	2.2226
650.1023	2.6479	2.2229
650.2547	2.6794	2.2231
650.4071	2.7031	2.2234
650.5595	2.7035	2.2237
650.7119	2.6807	2.2240
650.8643	2.6613	2.2243
651.0167	2.6142	2.2245
651.1691	2.6646	2.2248
651.3215	2.6023	2.2251
651.4739	2.5963	2.2254
651.6263	2.5584	2.2257
651.7787	2.5221	2.2259
651.9311	2.6028	2.2262
652.0835	2.6257	2.2265
652.2359	2.6141	2.2268
652.3883	2.5486	2.2271
652.5407	2.5271	2.2273
652.6931	2.5222	2.2276
652.8455	2.5806	2.2279
652.9979	2.6214	2.2282
653.1503	2.6610	2.2285
653.3027	2.6571	2.2287
653.4551	2.6741	2.2290
653.6075	2.6350	2.2293
653.7599	2.6484	2.2296
653.9123	2.6439	2.2299
654.0647	2.6458	2.2301
654.2171	2.6038	2.2304
654.3695	2.5671	2.2307
654.5219	2.5319	2.2310
654.6743	2.5725	2.2313
654.8267	2.5734	2.2315
654.9791	2.5744	2.2318
655.1315	2.5754	2.2321
655.2839	2.5868	2.2324
655.4363	2.5727	2.2327
655.5887	2.5701	2.2329
656.8400	2.5340	2.2352
660.1400	2.5700	2.2413
662.8400	2.7960	2.2464
664.4700	2.8110	2.2494
665.9200	2.6690	2.2521
666.5600	2.8760	2.2533
667.9200	2.9570	2.2558
678.5700	2.7960	2.2759
685.4200	3.1400	2.2890
685.9400	3.0140	2.2900
688.8700	3.2300	2.2956
690.9500	3.1470	2.2996
695.1300	3.0120	2.3077
695.8600	3.3500	2.3091
697.4000	3.5590	2.3121
698.5900	3.5520	2.3144
700.0500	3.6110	2.3173
700.9200	3.0670	2.3190
701.7000	3.0650	2.3205


